country,year,status,pr_rating,cl_rating,a1,a2,a3,a,b1,b2,b3,b4,b,c1,c2,c3,c,pr,d1,d2,d3,d4,d,e1,e2,e3,e,f1,f2,f3,f4,f,g1,g2,g3,g4,g,cl,total
Afghanistan,2025,NF,7,7,0,0,0,0,0,0,0,0,0,0,1,0,1,1,0,0,0,0,0,1,1,1,3,0,0,0,0,0,0,1,0,1,2,5,6
Albania,2025,PF,3,3,3,3,3,9,3,3,3,3,12,3,2,2,7,28,2,4,3,4,13,3,3,2,8,3,2,2,3,10,3,2,2,2,9,40,68
Algeria,2025,NF,6,5,1,1,1,3,1,1,1,1,4,1,1,1,3,10,1,1,2,1,5,1,1,1,3,1,1,2,2,6,2,2,2,1,7,21,31
Andorra,2025,F,1,1,4,4,4,12,4,4,4,3,15,3,4,4,11,38,3,3,4,4,14,4,4,3,11,4,4,4,3,15,4,4,3,4,15,55,93
Angola,2025,NF,6,5,0,2,1,3,1,1,1,2,5,1,1,0,2,10,1,2,2,2,7,1,1,1,3,1,1,1,2,5,1,1,1,0,3,18,28
Antigua and Barbuda,2025,F,2,2,4,4,3,11,3,4,3,3,13,3,2,3,8,32,3,4,4,4,15,4,3,3,10,4,3,3,3,13,4,3,3,3,13,51,83
Argentina,2025,F,2,2,4,4,3,11,4,4,4,4,16,3,2,3,8,35,3,4,3,4,14,4,4,3,11,2,3,3,3,11,4,3,4,3,14,50,85
Armenia,2025,PF,4,4,2,2,3,7,3,3,2,2,10,2,2,2,6,23,2,2,2,3,9,3,3,2,8,1,1,1,2,5,2,3,2,2,9,31,54
Australia,2025,F,1,1,4,4,4,12,4,4,4,3,15,4,4,4,12,39,3,4,4,4,15,4,4,3,11,4,4,4,3,15,4,4,4,3,15,56,95
Austria,2025,F,1,1,4,4,4,12,4,4,4,3,15,4,3,3,10,37,3,3,4,4,14,4,4,4,12,4,4,4,3,15,4,4,4,3,15,56,93
Azerbaijan,2025,NF,7,7,0,0,0,0,1,0,1,0,2,0,0,0,0,0,0,0,1,1,2,0,0,1,1,0,0,0,0,0,1,1,1,1,4,7,7
Bahamas,2025,F,1,2,4,4,4,12,4,4,4,4,16,4,3,3,10,38,3,4,4,4,15,4,4,4,12,4,3,3,2,12,3,4,3,3,13,52,90
Bahrain,2025,NF,7,6,0,1,1,2,0,0,0,0,0,0,2,0,2,2,0,1,0,1,2,0,0,1,1,0,1,0,0,1,1,2,2,1,6,10,12
Bangladesh,2025,PF,5,4,1,1,2,4,3,1,2,2,8,1,1,2,4,16,2,2,2,2,8,2,2,2,6,2,1,2,1,6,3,2,2,2,9,29,45
Barbados,2025,F,1,1,4,4,4,12,4,3,4,4,15,4,3,3,10,37,4,4,4,4,16,4,4,4,12,4,4,3,3,14,4,4,3,4,15,57,94
Belarus,2025,NF,7,7,0,0,0,0,0,0,0,0,0,0,1,0,1,1,0,1,0,0,1,0,0,0,0,0,0,0,0,0,1,1,2,1,5,6,7
Belgium,2025,F,1,1,4,4,4,12,4,4,4,4,16,4,3,4,11,39,4,3,4,4,15,4,4,4,12,4,4,4,3,15,4,4,4,3,15,57,96
Belize,2025,F,2,1,4,4,4,12,4,4,4,2,14,4,2,3,9,35,4,4,4,4,16,4,4,3,11,4,3,3,3,13,4,3,3,3,13,53,88
Benin,2025,PF,4,3,1,2,1,4,1,2,3,3,9,1,2,2,5,18,2,4,4,4,14,3,3,3,9,2,2,2,3,9,3,3,2,2,10,42,60
Bhutan,2025,F,2,3,4,4,3,11,4,4,3,2,13,3,3,3,9,32,3,2,2,3,10,2,2,2,6,3,2,3,2,10,2,3,3,2,10,36,68
Bolivia,2025,PF,3,3,4,4,2,10,3,2,2,3,10,2,2,2,6,26,2,4,4,4,14,3,3,3,9,1,1,2,2,6,3,2,3,2,10,39,65
Bosnia and Herzegovina,2025,PF,5,3,2,2,1,5,3,2,1,2,8,2,1,1,4,17,2,3,2,3,10,3,3,2,8,1,2,2,2,7,3,2,3,2,10,35,52
Botswana,2025,F,2,2,4,4,3,11,3,4,3,2,12,3,3,2,8,31,2,4,3,3,12,4,4,2,10,3,3,3,2,11,3,3,2,3,11,44,75
Brazil,2025,F,2,3,3,3,4,10,4,4,2,3,13,3,2,2,7,30,3,4,4,3,14,3,3,3,9,3,2,1,2,8,3,3,3,2,11,42,72
Brunei,2025,NF,6,5,0,0,0,0,1,0,1,1,3,0,3,1,4,7,1,1,2,2,6,1,1,1,3,1,2,1,1,5,2,2,1,1,6,20,27
Bulgaria,2025,F,2,2,4,3,3,10,4,4,3,3,14,3,2,3,8,32,2,3,3,4,12,4,4,3,11,3,2,3,2,10,4,3,3,2,12,45,77
Burkina Faso,2025,NF,7,5,0,0,0,0,1,0,0,1,2,0,1,0,1,3,1,3,2,1,7,1,2,3,6,1,1,0,1,3,1,1,2,2,6,22,25
Burundi,2025,NF,7,6,1,0,0,1,1,0,0,2,3,0,0,0,0,4,0,3,1,0,4,0,0,1,1,0,0,1,1,2,1,1,1,1,4,11,15
Cabo Verde,2025,F,1,1,4,4,4,12,4,4,4,4,16,4,3,3,10,38,4,4,4,4,16,4,4,3,11,4,3,4,3,14,4,3,3,3,13,54,92
Cambodia,2025,NF,7,5,0,0,0,0,0,0,1,1,2,0,1,1,2,4,1,3,2,1,7,1,1,1,3,0,1,1,1,3,2,1,2,1,6,19,23
Cameroon,2025,NF,6,6,0,1,0,1,1,0,1,1,3,1,0,1,2,6,0,2,1,1,4,0,1,1,2,0,0,0,0,0,0,1,1,1,3,9,15
Canada,2025,F,1,1,4,4,4,12,4,4,4,4,16,4,4,3,11,39,4,3,4,4,15,4,4,4,12,4,4,4,3,15,4,4,4,4,16,58,97
Central African Republic,2025,NF,7,7,0,1,0,1,1,0,0,0,1,0,0,0,0,1,1,0,2,0,3,0,0,1,1,0,0,0,0,0,0,0,0,0,0,4,5
Chad,2025,NF,7,6,0,0,0,0,1,0,0,0,1,0,0,0,0,1,1,1,2,2,6,1,1,2,4,0,1,0,0,1,1,1,0,1,3,14,15
Chile,2025,F,1,1,4,4,4,12,4,4,4,3,15,4,3,4,11,38,4,4,4,4,16,4,4,4,12,4,4,3,3,14,4,4,4,3,15,57,95
China,2025,NF,7,6,0,0,0,0,0,0,0,0,0,0,1,0,1,-2,0,0,0,1,1,1,0,1,2,1,1,0,0,2,1,1,2,2,6,11,9
Colombia,2025,F,2,3,4,3,3,10,4,4,2,3,13,3,2,3,8,31,2,4,4,3,13,2,2,2,6,3,2,2,2,9,3,2,4,2,11,39,70
Comoros,2025,PF,5,4,1,2,2,5,2,1,2,2,7,2,1,1,4,16,1,2,3,2,8,1,2,3,6,1,1,2,2,6,2,2,1,1,6,26,42
Congo (Brazzaville),2025,NF,7,6,0,0,0,0,1,0,0,1,2,0,0,0,0,2,1,3,1,1,6,0,0,2,2,0,1,0,0,1,2,2,1,1,6,15,17
Congo (Kinshasa),2025,NF,7,6,0,1,0,1,1,0,0,1,2,0,1,0,1,4,1,3,2,1,7,1,1,1,3,1,0,0,0,1,1,1,1,0,3,14,18
Costa Rica,2025,F,1,1,4,4,4,12,4,4,4,3,15,4,3,4,11,38,4,4,4,4,16,4,4,3,11,4,3,3,3,13,4,3,3,3,13,53,91
Cote d'Ivoire,2025,PF,4,4,2,2,2,6,3,2,2,2,9,2,1,1,4,19,2,3,2,3,10,2,2,3,7,1,1,2,2,6,2,2,1,2,7,30,49
Croatia,2025,F,2,2,4,4,4,12,4,4,3,3,14,4,2,2,8,34,2,3,3,4,12,4,4,4,12,3,3,3,2,11,4,3,3,3,13,48,82
Cuba,2025,NF,7,6,0,0,0,0,0,0,0,0,0,0,1,0,1,1,0,3,0,0,3,0,0,0,0,0,0,0,1,1,1,1,2,1,5,9,10
Cyprus,2025,F,1,1,4,4,4,12,4,4,4,3,15,4,3,4,11,38,4,4,3,4,15,4,3,4,11,4,4,4,2,14,3,3,4,3,13,53,91
Czech Republic,2025,F,1,1,4,4,4,12,4,4,4,3,15,4,3,3,10,37,4,4,4,4,16,4,4,4,12,4,4,4,3,15,4,4,4,3,15,58,95
Denmark,2025,F,1,1,4,4,4,12,4,4,4,4,16,4,4,4,12,40,4,4,4,4,16,4,4,4,12,4,3,4,3,14,4,4,3,4,15,57,97
Djibouti,2025,NF,7,5,0,1,1,2,1,0,1,1,3,0,0,0,0,5,0,2,2,2,6,0,1,2,3,0,2,1,1,4,2,2,1,1,6,19,24
Dominica,2025,F,1,1,4,4,3,11,4,4,4,4,16,4,3,3,10,37,3,4,4,4,15,3,4,4,11,4,3,4,3,14,4,4,3,4,15,55,92
Dominican Republic,2025,PF,3,3,3,3,3,9,4,3,3,1,11,3,2,2,7,27,2,4,4,4,14,3,4,3,10,3,2,2,1,8,2,3,2,2,9,41,68
Ecuador,2025,PF,3,3,4,4,3,11,3,3,2,3,11,2,2,2,6,28,2,4,3,3,12,3,3,3,9,2,2,1,2,7,2,2,3,2,9,37,65
Egypt,2025,NF,6,6,0,1,1,2,0,0,1,1,2,0,1,1,2,6,0,1,1,1,3,0,0,1,1,1,0,0,1,2,1,2,2,1,6,12,18
El Salvador,2025,PF,5,4,2,2,2,6,2,2,2,3,9,2,0,0,2,17,2,4,3,2,11,3,2,1,6,0,0,1,2,3,3,3,2,2,10,30,47
Equatorial Guinea,2025,NF,7,7,0,0,0,0,0,0,0,0,0,0,0,0,0,0,0,1,1,0,2,0,0,0,0,0,0,0,0,0,1,1,1,0,3,5,5
Eritrea,2025,NF,7,7,0,0,0,0,0,0,0,0,0,0,1,0,1,1,0,1,0,0,1,0,0,0,0,0,0,0,0,0,0,0,1,0,1,2,3
Estonia,2025,F,1,1,4,4,4,12,4,4,4,3,15,4,4,4,12,39,4,4,4,4,16,4,4,4,12,4,4,3,3,14,4,4,4,3,15,57,96
Eswatini,2025,NF,7,6,0,0,0,0,0,0,0,1,1,0,0,0,0,1,1,2,1,1,5,0,1,1,2,2,1,0,1,4,2,1,1,1,5,16,17
Ethiopia,2025,NF,6,6,1,1,2,4,1,0,1,1,3,1,1,1,3,8,1,1,1,1,4,0,1,1,2,1,0,0,0,1,0,1,1,1,3,10,18
Fiji,2025,PF,3,3,3,2,3,8,3,3,3,3,12,3,2,3,8,28,4,4,3,3,14,3,3,3,9,3,1,2,2,8,3,3,2,2,10,41,69
Finland,2025,F,1,1,4,4,4,12,4,4,4,4,16,4,4,4,12,40,4,4,4,4,16,4,4,4,12,4,4,4,4,16,4,4,4,4,16,60,100
France,2025,F,1,2,4,4,4,12,4,4,4,3,15,4,3,4,11,38,4,3,4,3,14,3,3,4,10,4,3,3,3,13,4,4,3,3,14,51,89
Gabon,2025,NF,7,5,0,0,0,0,1,0,0,1,2,0,0,0,0,2,2,3,1,2,8,1,1,1,3,0,1,1,1,3,2,1,1,1,5,19,21
Georgia,2025,PF,4,4,2,2,2,6,2,2,2,2,8,2,2,3,7,21,2,2,3,2,9,1,2,2,5,2,2,2,2,8,4,3,3,2,12,34,55
Germany,2025,F,1,1,4,4,4,12,4,4,4,4,16,4,4,4,12,40,4,3,4,3,14,4,4,4,12,4,4,3,3,14,4,4,4,3,15,55,95
Ghana,2025,F,2,2,4,4,4,12,3,4,3,3,13,4,3,3,10,35,3,3,4,4,14,3,4,3,10,2,3,3,2,10,3,3,3,2,11,45,80
Greece,2025,F,2,2,4,4,4,12,4,4,4,3,15,4,2,2,8,35,3,3,4,3,13,4,4,4,12,3,3,3,2,11,4,3,4,3,14,50,85
Grenada,2025,F,1,2,4,4,3,11,4,4,4,4,16,4,3,3,10,37,3,4,4,4,15,4,4,3,11,4,3,3,3,13,4,3,3,3,13,52,89
Guatemala,2025,PF,4,4,2,2,2,6,2,3,2,2,9,2,0,2,4,19,1,4,3,2,10,2,2,2,6,1,1,2,1,5,3,2,2,1,8,29,48
Guinea,2025,NF,6,5,0,0,0,0,1,1,1,2,5,0,1,1,2,7,1,3,3,2,9,1,1,2,4,1,1,1,1,4,2,2,1,1,6,23,30
Guinea-Bissau,2025,PF,5,4,2,1,2,5,3,2,1,2,8,1,1,0,2,15,1,3,3,3,10,1,2,3,6,1,0,2,2,5,2,1,1,1,5,26,41
Guyana,2025,F,2,2,3,3,3,9,4,4,3,2,13,4,2,2,8,30,3,4,4,4,15,4,4,3,11,2,2,2,2,8,3,2,3,2,10,44,74
Haiti,2025,NF,6,5,0,0,1,1,1,1,0,1,3,0,1,1,2,6,1,2,2,2,7,2,1,1,4,1,1,0,1,3,1,1,2,0,4,18,24
Honduras,2025,PF,4,4,3,2,3,8,3,3,1,2,9,2,1,2,5,22,1,4,2,2,9,2,1,2,5,1,1,1,1,4,2,2,2,2,8,26,48
Hungary,2025,PF,3,3,2,2,3,7,3,2,3,3,11,2,2,2,6,24,2,3,2,3,10,3,2,3,8,2,3,3,2,10,4,3,3,3,13,41,65
Iceland,2025,F,1,1,4,4,4,12,4,4,3,4,15,4,3,4,11,38,3,4,4,4,15,4,4,4,12,4,4,4,3,15,4,4,4,3,15,57,95
India,2025,PF,2,4,4,4,3,11,3,3,3,2,11,4,2,3,9,31,2,2,2,2,8,2,2,3,7,2,2,2,2,8,3,2,2,2,9,32,63
Indonesia,2025,PF,3,4,4,4,3,11,4,3,2,2,11,3,1,2,6,28,3,1,2,3,9,2,2,2,6,2,1,1,1,5,2,2,2,2,8,28,56
Iran,2025,NF,7,7,0,1,1,2,0,1,0,1,2,0,0,0,0,4,0,0,0,0,0,0,0,1,1,1,0,0,1,2,1,1,1,1,4,7,11
Iraq,2025,NF,5,6,2,3,3,8,3,2,1,1,7,1,0,1,2,16,1,1,1,1,4,1,2,2,5,0,0,1,0,1,1,2,1,1,5,15,31
Ireland,2025,F,1,1,4,4,4,12,4,4,4,4,16,4,3,4,11,39,4,4,4,4,16,4,4,4,12,4,4,3,3,14,4,4,4,4,16,58,97
Israel,2025,F,2,3,4,4,4,12,3,4,4,2,13,4,2,3,9,34,3,3,3,3,12,3,2,4,9,3,2,1,2,8,2,3,3,2,10,39,73
Italy,2025,F,1,1,4,4,4,12,4,4,3,3,14,4,3,3,10,36,2,4,4,4,14,4,4,4,12,4,3,3,3,13,4,3,4,3,14,53,89
Jamaica,2025,F,2,2,4,4,3,11,4,4,2,3,13,4,3,2,9,33,4,4,4,3,15,4,4,3,11,4,3,2,1,10,3,3,2,3,11,47,80
Japan,2025,F,1,1,4,4,4,12,4,4,4,4,16,4,4,4,12,40,3,4,4,4,15,4,4,4,12,4,4,4,3,15,4,4,3,3,14,56,96
Jordan,2025,PF,5,5,0,1,2,3,2,1,1,2,6,0,2,1,3,12,1,2,2,1,6,1,1,0,2,2,1,2,2,7,2,2,2,1,7,22,34
Kazakhstan,2025,NF,7,5,0,0,1,1,1,0,1,1,3,0,1,0,1,5,0,1,2,1,4,1,1,0,2,1,1,1,1,4,2,2,2,2,8,18,23
Kenya,2025,PF,4,4,3,3,2,8,2,3,2,2,9,2,1,2,5,22,2,2,3,3,10,1,2,3,6,3,1,1,1,6,2,1,2,2,7,29,51
Kiribati,2025,F,1,1,3,4,4,11,4,4,4,3,15,4,3,3,10,36,4,4,4,4,16,4,4,4,12,2,3,4,3,12,4,3,3,3,13,53,89
Kosovo,2025,PF,3,4,3,3,3,9,3,4,3,3,13,3,1,2,6,28,2,2,3,3,10,3,3,2,8,1,1,2,2,6,3,1,2,2,8,32,60
Kuwait,2025,NF,6,5,0,0,0,0,1,0,2,1,4,0,1,2,3,7,1,2,2,1,6,2,2,1,5,1,2,2,2,7,2,1,2,1,6,24,31
Kyrgyzstan,2025,NF,7,5,0,1,1,2,1,1,0,1,3,0,0,0,0,4,2,2,3,2,9,1,1,2,4,0,0,1,1,2,2,2,2,1,7,22,26
Laos,2025,NF,7,6,0,0,0,0,0,0,0,0,0,0,1,1,2,2,0,1,1,1,3,0,0,0,0,0,0,1,1,2,2,1,2,1,6,11,13
Latvia,2025,F,1,2,4,4,4,12,4,4,4,3,15,4,3,3,10,37,3,4,3,4,14,4,4,4,12,3,3,3,2,11,4,4,4,3,15,52,89
Lebanon,2025,PF,5,4,0,2,2,4,3,2,1,2,8,1,0,0,1,13,2,3,3,2,10,3,2,2,7,1,1,0,1,3,1,2,2,1,6,26,39
Lesotho,2025,F,2,3,4,4,3,11,4,4,2,3,13,2,2,2,6,30,2,4,3,3,12,2,3,2,7,2,2,2,2,8,3,2,2,2,9,36,66
Liberia,2025,PF,2,4,4,4,3,11,3,4,3,3,13,3,1,2,6,30,2,3,3,3,11,3,3,2,8,1,1,2,2,6,3,2,2,2,9,34,64
Libya,2025,NF,7,6,0,0,1,1,1,0,0,0,1,0,0,0,0,2,0,1,1,1,3,1,1,1,3,0,0,0,0,0,0,1,1,0,2,8,10
Liechtenstein,2025,F,2,1,2,4,4,10,4,3,3,3,13,2,4,4,10,33,3,4,4,4,15,4,4,4,12,3,4,4,3,14,4,4,4,4,16,57,90
Lithuania,2025,F,1,2,4,4,4,12,4,4,4,4,16,4,3,3,10,38,3,4,4,4,15,4,4,3,11,3,3,3,2,11,4,4,3,3,14,51,89
Luxembourg,2025,F,1,1,4,4,4,12,4,4,4,4,16,4,3,3,10,38,4,4,4,4,16,4,4,4,12,4,4,4,3,15,4,4,4,4,16,59,97
Madagascar,2025,PF,4,4,2,2,2,6,2,2,2,2,8,3,2,2,7,21,2,3,3,3,11,2,3,3,8,2,1,2,2,7,3,2,2,1,8,34,55
Malawi,2025,PF,3,3,3,3,3,9,3,3,3,3,12,3,1,3,7,28,2,4,4,3,13,3,2,3,8,3,2,2,2,9,2,2,1,2,7,37,65
Malaysia,2025,PF,4,4,2,2,2,6,3,3,2,2,10,2,2,2,6,22,2,1,2,3,8,2,2,2,6,3,2,2,1,8,3,3,2,1,9,31,53
Maldives,2025,PF,4,5,2,2,3,7,3,2,2,1,8,2,1,2,5,20,1,0,1,1,3,3,1,2,6,2,1,2,2,7,2,2,1,2,7,23,43
Mali,2025,NF,6,5,0,0,1,1,1,0,0,2,3,0,1,1,2,6,1,2,2,2,7,1,1,2,4,1,1,0,1,3,1,1,1,1,4,18,24
Malta,2025,F,2,2,4,4,4,12,3,4,3,4,14,4,2,3,9,35,3,4,4,3,14,4,4,4,12,4,3,3,2,12,4,4,3,3,14,52,87
Marshall Islands,2025,F,1,1,4,4,4,12,4,4,4,4,16,4,3,3,10,38,4,4,4,4,16,4,4,3,11,4,4,4,3,15,4,3,3,3,13,55,93
Mauritania,2025,PF,5,5,2,2,2,6,2,1,1,1,5,1,2,1,4,15,2,2,3,2,9,2,1,2,5,1,1,2,1,5,1,2,1,1,5,24,39
Mauritius,2025,F,2,2,4,4,3,11,4,3,4,3,14,4,3,3,10,35,3,4,4,3,14,4,4,4,12,3,4,3,3,13,4,3,3,2,12,51,86
Mexico,2025,PF,3,4,3,3,3,9,4,3,2,3,12,2,1,2,5,26,2,4,3,3,12,3,2,2,7,2,1,1,1,5,2,2,3,2,9,33,59
Micronesia,2025,F,1,1,4,4,4,12,4,4,4,3,15,4,3,3,10,37,4,4,4,4,16,4,4,3,11,4,4,4,3,15,4,3,3,3,13,55,92
Moldova,2025,PF,3,3,3,3,2,8,3,4,2,3,12,3,1,1,5,25,2,3,3,4,12,3,3,2,8,1,1,2,2,6,3,2,2,2,9,35,60
Monaco,2025,F,3,1,0,4,4,8,3,1,2,3,9,2,2,4,8,25,4,4,4,4,16,4,4,4,12,3,4,4,3,14,4,3,4,4,15,57,82
Mongolia,2025,F,1,2,4,4,3,11,4,4,4,4,16,4,2,3,9,36,3,4,4,3,14,4,4,3,11,2,3,3,3,11,4,3,3,2,12,48,84
Montenegro,2025,PF,3,3,3,3,2,8,3,4,2,3,12,3,2,2,7,27,3,3,3,3,12,3,3,3,9,2,2,3,3,10,3,2,3,3,11,42,69
Morocco,2025,PF,5,5,1,2,2,5,2,1,1,1,5,1,1,1,3,13,1,2,2,2,7,1,2,2,5,1,1,2,1,5,2,2,2,1,7,24,37
Mozambique,2025,PF,5,4,1,1,1,3,1,1,1,2,5,1,1,2,4,12,2,3,2,2,9,0,2,2,4,2,2,1,2,7,3,2,2,2,9,29,41
Myanmar,2025,NF,7,7,0,0,0,0,1,1,0,1,3,0,1,0,1,0,1,1,0,1,3,0,1,1,2,0,0,0,0,0,0,1,1,0,2,7,7
Namibia,2025,F,3,2,3,3,3,9,3,3,3,3,12,3,2,2,7,28,3,4,3,3,13,3,4,4,11,3,3,3,2,11,3,3,2,2,10,45,73
Nauru,2025,F,2,3,4,4,3,11,4,3,4,3,14,3,2,2,7,32,2,4,4,3,13,3,3,3,9,2,2,3,2,9,3,3,3,3,12,43,75
Nepal,2025,PF,3,4,4,4,3,11,3,3,3,2,11,3,2,1,6,28,2,2,3,3,10,4,2,2,8,3,1,2,2,8,3,2,2,1,8,34,62
Netherlands,2025,F,1,1,4,4,4,12,4,4,4,4,16,4,4,3,11,39,4,4,4,4,16,4,4,4,12,4,4,4,3,15,4,4,4,3,15,58,97
New Zealand,2025,F,1,1,4,4,4,12,4,4,4,4,16,4,4,4,12,40,4,4,4,4,16,4,4,4,12,4,4,4,3,15,4,4,4,4,16,59,99
Nicaragua,2025,NF,7,6,0,0,0,0,0,0,0,1,1,0,0,1,1,2,0,1,1,0,2,0,0,2,2,0,0,1,1,2,1,1,2,2,6,12,14
Niger,2025,NF,7,5,0,0,0,0,1,0,0,2,3,0,1,1,2,5,1,2,3,2,8,2,2,2,6,1,1,1,2,5,2,2,1,1,6,25,30
Nigeria,2025,PF,4,5,2,2,2,6,3,3,1,2,9,2,1,2,5,20,2,1,3,3,9,2,2,3,7,2,1,0,1,4,1,1,1,1,4,24,44
North Korea,2025,NF,7,7,0,0,0,0,0,0,0,0,0,0,0,0,0,0,0,0,0,0,0,0,0,0,0,0,0,0,0,0,0,1,1,1,3,3,3
North Macedonia,2025,PF,3,3,3,3,3,9,4,3,2,3,12,3,2,2,7,28,3,3,3,3,12,3,3,2,8,2,2,3,2,9,3,3,2,2,10,39,67
Norway,2025,F,1,1,4,4,4,12,4,4,4,4,16,4,3,4,11,39,4,4,4,4,16,4,4,4,12,4,4,4,4,16,4,4,4,4,16,60,99
Oman,2025,NF,6,5,0,1,1,2,0,0,1,1,2,0,2,0,2,6,1,2,1,1,5,1,1,2,4,0,1,2,1,4,1,2,1,1,5,18,24
Pakistan,2025,PF,5,5,1,1,1,3,2,1,1,1,5,1,1,2,4,12,1,1,2,2,6,2,1,2,5,1,1,1,0,3,2,2,1,1,6,20,32
Palau,2025,F,1,1,4,4,4,12,4,4,4,3,15,4,3,3,10,37,4,4,4,4,16,4,4,3,11,4,4,4,3,15,4,3,3,3,13,55,92
Panama,2025,F,2,2,4,4,4,12,4,4,4,3,15,4,2,2,8,35,3,4,4,4,15,4,4,3,11,2,2,3,3,10,4,3,3,2,12,48,83
Papua New Guinea,2025,PF,4,3,3,2,1,6,4,4,2,3,13,2,0,1,3,22,3,4,3,4,14,3,4,3,10,3,1,1,2,7,2,2,2,2,8,39,61
Paraguay,2025,PF,3,3,3,3,3,9,3,3,3,2,11,2,2,2,6,26,2,4,3,3,12,3,3,2,8,2,1,2,2,7,3,3,2,2,10,37,63
Peru,2025,PF,3,3,3,4,3,10,3,4,3,2,12,2,2,2,6,28,3,4,4,4,15,2,3,2,7,2,2,2,2,8,3,2,2,2,9,39,67
Philippines,2025,PF,3,4,3,3,3,9,3,2,2,3,10,3,1,2,6,25,1,4,3,3,11,3,2,2,7,2,1,1,1,5,3,2,3,2,10,33,58
Poland,2025,F,2,2,3,3,3,9,4,4,4,4,16,3,3,3,9,34,3,4,3,3,13,3,3,4,10,2,3,4,2,11,4,4,3,3,14,48,82
Portugal,2025,F,1,1,4,4,4,12,4,4,4,4,16,4,3,4,11,39,4,4,4,4,16,4,4,4,12,4,4,3,3,14,4,4,4,3,15,57,96
Qatar,2025,NF,6,5,0,1,1,2,0,0,1,1,2,0,2,1,3,7,1,2,2,2,7,1,0,1,2,1,1,3,0,5,1,1,1,1,4,18,25
Romania,2025,F,2,2,3,4,4,11,4,4,3,3,14,4,2,3,9,34,3,3,3,4,13,4,4,3,11,3,3,3,3,12,4,2,3,3,12,48,82
Russia,2025,NF,7,6,0,0,0,0,1,0,1,1,3,0,1,0,1,4,0,1,0,0,1,0,0,2,2,1,0,0,0,1,1,1,1,1,4,8,12
Rwanda,2025,NF,6,6,0,1,1,2,1,0,0,1,2,1,1,1,3,7,0,2,1,0,3,0,1,1,2,0,1,1,1,3,1,2,2,1,6,14,21
Samoa,2025,F,2,2,3,3,3,9,4,4,3,3,14,3,3,3,9,32,3,3,4,4,14,4,4,4,12,4,3,4,3,14,3,3,3,3,12,52,84
San Marino,2025,F,1,1,4,4,4,12,4,4,4,3,15,4,4,4,12,39,3,4,4,4,15,4,4,4,12,4,4,4,3,15,4,4,4,4,16,58,97
Sao Tome and Principe,2025,F,2,2,4,4,3,11,4,4,3,4,15,4,2,3,9,35,3,4,4,4,15,4,4,3,11,3,3,3,3,12,4,3,2,2,11,49,84
Saudi Arabia,2025,NF,7,6,0,0,0,0,0,0,0,0,0,0,1,0,1,1,0,0,1,1,2,0,0,0,0,1,1,0,1,3,1,1,0,1,3,8,9
Senegal,2025,F,2,3,3,4,3,10,3,3,3,3,12,3,2,3,8,30,2,4,4,3,13,1,3,3,7,2,2,2,2,8,3,3,3,2,11,39,69
Serbia,2025,PF,4,3,2,2,1,5,3,1,2,3,9,2,1,1,4,18,2,4,3,2,11,2,2,3,7,2,2,3,2,9,3,3,3,2,11,38,56
Seychelles,2025,F,2,2,4,4,4,12,4,4,3,2,13,4,3,2,9,34,3,4,4,3,14,3,3,3,9,2,3,3,3,11,4,3,2,3,12,46,80
Sierra Leone,2025,PF,4,3,2,2,3,7,2,3,3,3,11,2,1,2,5,23,2,4,3,3,12,1,2,2,5,2,2,3,2,9,3,3,2,2,10,36,59
Singapore,2025,PF,4,4,1,2,1,4,2,2,2,2,8,2,3,2,7,19,1,3,1,2,7,1,1,1,3,1,2,2,2,7,3,3,3,3,12,29,48
Slovakia,2025,F,1,1,4,4,4,12,4,4,4,3,15,4,2,3,9,36,3,4,4,4,15,4,4,4,12,3,3,3,3,12,4,4,3,3,14,53,89
Slovenia,2025,F,1,1,4,4,4,12,4,4,4,4,16,4,3,4,11,39,3,4,4,4,15,4,4,4,12,4,4,4,3,15,4,4,4,3,15,57,96
Solomon Islands,2025,F,3,2,3,3,3,9,4,3,2,3,12,3,3,1,7,28,2,4,4,4,14,3,4,3,10,4,2,3,2,11,3,3,3,3,12,47,75
Somalia,2025,NF,7,7,0,0,0,0,1,1,0,0,2,0,0,0,0,2,1,0,1,1,3,1,1,1,3,0,0,0,0,0,0,0,0,0,0,6,8
South Africa,2025,F,2,2,4,4,4,12,3,4,3,4,14,3,2,3,8,34,3,4,4,4,15,4,4,4,12,4,2,2,2,10,3,3,2,2,10,47,81
South Korea,2025,F,2,2,4,4,3,11,3,4,3,3,13,3,3,2,8,32,3,4,3,4,14,3,3,4,10,3,3,3,3,12,4,3,3,3,13,49,81
South Sudan,2025,NF,7,7,0,0,0,0,1,0,0,0,1,0,0,0,0,-3,0,1,1,0,2,1,0,1,2,0,0,0,0,0,0,0,0,0,0,4,1
Spain,2025,F,1,1,4,4,4,12,4,4,4,4,16,3,3,3,9,37,3,4,4,3,14,3,4,4,11,3,3,4,3,13,4,4,4,3,15,53,90
Sri Lanka,2025,PF,3,4,4,4,3,11,3,3,2,2,10,3,1,2,6,26,3,2,2,2,9,2,3,3,8,3,1,2,1,7,2,2,2,2,8,32,58
St. Kitts and Nevis,2025,F,2,1,4,3,3,10,4,4,4,3,15,4,3,3,10,35,4,4,4,4,16,4,4,4,12,4,3,3,3,13,4,3,3,3,13,54,89
St. Lucia,2025,F,1,1,4,4,3,11,4,4,4,4,16,4,3,4,11,38,3,4,4,4,15,4,4,4,12,4,3,2,3,12,4,4,3,3,14,53,91
St. Vincent and the Grenadines,2025,F,1,1,4,4,3,11,4,4,4,3,15,4,3,3,10,36,3,4,4,4,15,4,4,4,12,4,3,3,3,13,4,4,3,3,14,54,90
Sudan,2025,NF,7,7,0,0,0,0,0,0,0,0,0,0,0,0,0,-3,0,2,0,1,3,0,1,0,1,0,0,0,0,0,0,0,1,0,1,5,2
Suriname,2025,F,2,2,4,4,3,11,4,4,3,3,14,4,2,3,9,34,3,4,4,4,15,4,4,3,11,2,2,3,2,9,3,2,3,3,11,46,80
Sweden,2025,F,1,1,4,4,4,12,4,4,4,4,16,4,4,4,12,40,4,4,4,4,16,4,4,4,12,4,4,3,4,15,4,4,4,4,16,59,99
Switzerland,2025,F,1,1,4,4,4,12,4,4,4,3,15,4,4,4,12,39,4,3,4,4,15,4,4,4,12,4,4,4,3,15,4,4,4,3,15,57,96
Syria,2025,NF,7,6,0,0,0,0,0,0,0,0,0,0,0,0,0,-3,1,2,0,1,4,1,0,0,1,0,0,1,0,1,1,0,1,0,2,8,5
Taiwan,2025,F,1,1,4,4,4,12,4,4,3,4,15,4,3,4,11,38,4,4,4,4,16,4,4,3,11,4,4,4,3,15,4,3,4,3,14,56,94
Tajikistan,2025,NF,7,7,0,0,0,0,0,0,0,0,0,0,0,0,0,0,0,0,0,0,0,0,0,1,1,0,0,0,0,0,1,1,1,1,4,5,5
Tanzania,2025,NF,6,5,1,1,1,3,1,1,1,1,4,1,2,1,4,11,1,3,2,1,7,1,2,2,5,1,1,1,1,4,2,2,2,2,8,24,35
Thailand,2025,NF,6,5,1,2,0,3,1,1,1,2,5,1,1,1,3,11,1,3,1,1,6,1,1,1,3,1,1,1,1,4,3,2,3,2,10,23,34
The Gambia,2025,PF,4,4,3,3,2,8,2,3,2,2,9,2,1,2,5,22,2,2,3,2,9,2,2,2,6,2,2,2,1,7,2,2,1,1,6,28,50
Timor-Leste,2025,F,2,3,4,4,3,11,4,4,3,3,14,4,2,2,8,33,3,3,4,4,14,3,3,2,8,2,1,3,2,8,3,2,2,2,9,39,72
Togo,2025,PF,5,4,1,2,0,3,2,1,1,2,6,2,1,2,5,14,2,3,2,2,9,1,2,2,5,2,1,2,1,6,2,2,1,2,7,27,41
Tonga,2025,F,2,2,3,3,3,9,4,4,3,3,14,2,3,2,7,30,2,4,4,4,14,4,4,3,11,3,3,3,3,12,4,3,3,3,13,50,80
Trinidad and Tobago,2025,F,2,2,4,4,3,11,3,4,3,3,13,4,2,3,9,33,4,4,4,4,16,4,4,3,11,3,2,2,2,9,4,3,3,3,13,49,82
Tunisia,2025,PF,6,4,0,1,1,2,1,0,3,2,6,1,1,1,3,11,1,3,3,2,9,2,2,3,7,1,2,3,1,7,3,2,3,2,10,33,44
Turkey,2025,NF,5,6,2,2,1,5,2,2,3,1,8,2,1,1,4,17,1,2,1,1,5,1,1,1,3,1,0,1,1,3,1,1,2,1,5,16,33
Turkmenistan,2025,NF,7,7,0,0,0,0,0,0,0,0,0,0,0,0,0,0,0,0,0,0,0,0,0,0,0,0,0,0,0,0,0,1,0,0,1,1,1
Tuvalu,2025,F,1,1,4,4,4,12,4,4,4,3,15,4,3,3,10,37,4,4,4,4,16,4,4,4,12,4,4,4,3,15,4,3,3,3,13,56,93
Uganda,2025,NF,6,5,1,1,1,3,1,1,1,1,4,1,1,1,3,10,2,3,2,2,9,1,1,2,4,1,1,1,1,4,3,2,1,1,7,24,34
Ukraine,2025,PF,4,4,3,3,2,8,3,3,2,3,11,2,1,1,4,23,2,3,2,2,9,3,2,2,7,1,1,0,2,4,1,2,3,2,8,28,51
United Arab Emirates,2025,NF,7,6,0,1,0,1,0,0,1,1,2,0,2,0,2,5,0,2,1,1,4,1,0,1,2,0,1,1,1,3,1,1,1,1,4,13,18
United Kingdom,2025,F,1,1,4,4,4,12,4,4,4,4,16,4,3,4,11,39,4,4,3,3,14,3,4,4,11,4,3,3,3,13,4,4,4,3,15,53,92
United States,2025,F,2,2,4,4,3,11,4,4,3,3,14,3,3,3,9,34,3,4,3,4,14,4,4,3,11,3,3,3,2,11,4,4,3,3,14,50,84
Uruguay,2025,F,1,1,4,4,4,12,4,4,4,4,16,4,4,4,12,40,3,4,4,4,15,4,4,4,12,4,3,3,4,14,4,4,4,3,15,56,96
Uzbekistan,2025,NF,7,6,0,0,1,1,0,0,0,0,0,0,0,1,1,2,1,1,1,1,4,0,1,0,1,0,0,1,0,1,1,1,1,1,4,10,12
Vanuatu,2025,F,2,2,3,4,3,10,4,4,4,3,15,2,2,3,7,32,3,4,4,4,15,4,4,3,11,4,3,3,3,13,4,3,2,2,11,50,82
Venezuela,2025,NF,7,6,0,0,0,0,0,0,0,0,0,0,0,0,0,0,1,3,1,0,5,0,1,1,2,0,0,0,1,1,2,1,2,0,5,13,13
Vietnam,2025,NF,7,6,0,0,0,0,0,0,0,1,1,0,2,1,3,4,0,1,1,1,3,1,0,0,1,1,1,1,1,4,2,1,3,2,8,16,20
Yemen,2025,NF,7,6,0,0,0,0,1,0,0,0,1,0,0,0,0,1,0,1,0,1,2,1,1,1,3,1,0,1,0,2,0,1,1,0,2,9,10
Zambia,2025,PF,4,4,2,2,2,6,2,2,3,3,10,2,2,2,6,22,1,3,2,2,8,2,2,3,7,2,2,2,2,8,3,2,2,1,8,31,53
Zimbabwe,2025,NF,6,5,1,1,1,3,1,0,1,1,3,1,1,1,3,9,1,3,2,1,7,1,1,1,3,1,0,0,1,2,2,1,1,1,5,17,26
Afghanistan,2024,NF,7,7,0,0,0,0,0,0,0,0,0,0,1,0,1,1,0,0,0,0,0,1,1,1,3,0,0,0,0,0,0,1,0,1,2,5,6
Albania,2024,PF,3,3,3,3,3,9,3,3,3,3,12,3,2,2,7,28,2,4,3,4,13,3,3,2,8,3,2,2,3,10,3,2,2,2,9,40,68
Algeria,2024,NF,6,5,1,1,1,3,1,1,1,1,4,1,1,1,3,10,1,1,2,2,6,1,1,1,3,1,1,2,2,6,2,2,2,1,7,22,32
Andorra,2024,F,1,1,4,4,4,12,4,4,4,3,15,3,4,4,11,38,3,3,4,4,14,4,4,3,11,4,4,4,3,15,4,4,3,4,15,55,93
Angola,2024,NF,6,5,0,2,1,3,1,1,1,2,5,1,1,0,2,10,1,2,2,2,7,1,1,1,3,1,1,1,2,5,1,1,1,0,3,18,28
Antigua and Barbuda,2024,F,2,2,4,4,4,12,3,4,3,3,13,3,2,3,8,33,3,4,4,4,15,4,3,3,10,4,3,4,3,14,4,3,3,3,13,52,85
Argentina,2024,F,2,2,4,4,3,11,4,4,4,4,16,3,2,3,8,35,3,4,4,4,15,4,4,3,11,2,3,2,3,10,4,3,4,3,14,50,85
Armenia,2024,PF,4,4,2,2,3,7,3,3,2,2,10,2,2,2,6,23,2,2,2,3,9,3,3,2,8,1,1,1,2,5,2,3,2,2,9,31,54
Australia,2024,F,1,1,4,4,4,12,4,4,4,3,15,4,4,3,11,38,3,4,4,4,15,4,4,4,12,4,4,4,3,15,4,4,4,3,15,57,95
Austria,2024,F,1,1,4,4,4,12,4,4,4,3,15,4,3,3,10,37,3,3,4,4,14,4,4,4,12,4,4,4,3,15,4,4,4,3,15,56,93
Azerbaijan,2024,NF,7,7,0,0,0,0,1,0,1,0,2,0,0,0,0,0,0,0,1,1,2,0,0,1,1,0,0,0,0,0,1,1,1,1,4,7,7
Bahamas,2024,F,1,1,4,4,4,12,4,4,4,4,16,4,3,3,10,38,3,4,4,4,15,4,4,4,12,4,3,4,2,13,3,4,3,3,13,53,91
Bahrain,2024,NF,7,6,0,1,1,2,0,0,0,0,0,0,2,0,2,2,0,1,0,1,2,0,0,1,1,0,1,0,0,1,1,2,2,1,6,10,12
Bangladesh,2024,PF,5,5,1,1,2,4,2,1,2,2,7,1,1,2,4,15,1,2,1,2,6,2,2,1,5,1,1,2,1,5,3,2,2,2,9,25,40
Barbados,2024,F,1,1,4,4,4,12,4,3,4,4,15,4,3,3,10,37,4,4,4,4,16,4,4,4,12,4,4,3,3,14,4,4,3,4,15,57,94
Belarus,2024,NF,7,7,0,0,0,0,0,0,0,1,1,0,1,0,1,2,0,1,0,0,1,0,0,0,0,0,0,0,0,0,1,1,2,1,5,6,8
Belgium,2024,F,1,1,4,4,4,12,4,4,4,4,16,4,3,4,11,39,4,3,4,4,15,4,4,4,12,4,4,4,3,15,4,4,4,3,15,57,96
Belize,2024,F,2,1,4,4,4,12,4,4,4,2,14,4,2,2,8,34,4,4,4,4,16,4,4,3,11,4,3,3,3,13,4,3,3,3,13,53,87
Benin,2024,PF,4,3,1,2,1,4,2,2,3,3,10,1,2,2,5,19,2,4,4,4,14,3,3,3,9,2,2,2,3,9,3,3,2,2,10,42,61
Bhutan,2024,PF,2,4,3,4,3,10,4,4,3,2,13,2,3,3,8,30,3,2,2,3,10,2,2,1,5,3,2,2,2,9,2,3,2,2,9,33,63
Bolivia,2024,PF,3,3,4,4,2,10,3,2,2,3,10,3,2,2,7,27,2,4,4,4,14,3,3,3,9,1,1,2,2,6,3,2,3,2,10,39,66
Bosnia and Herzegovina,2024,PF,5,4,2,2,1,5,3,2,1,2,8,2,1,1,4,17,2,3,2,3,10,3,2,2,7,1,2,2,2,7,3,2,3,2,10,34,51
Botswana,2024,F,3,2,3,4,3,10,3,2,3,2,10,3,3,2,8,28,2,4,3,3,12,4,4,2,10,3,3,3,2,11,3,3,2,3,11,44,72
Brazil,2024,F,2,3,3,3,4,10,4,4,2,3,13,3,2,2,7,30,3,4,4,3,14,3,3,3,9,3,2,1,2,8,3,3,3,2,11,42,72
Brunei,2024,NF,6,5,0,0,0,0,1,0,1,1,3,0,3,1,4,7,1,1,2,2,6,1,1,1,3,1,2,1,1,5,2,2,1,2,7,21,28
Bulgaria,2024,F,2,2,4,3,3,10,4,4,3,3,14,3,2,3,8,32,2,3,4,4,13,4,4,3,11,3,2,3,2,10,4,3,3,2,12,46,78
Burkina Faso,2024,NF,7,5,0,0,0,0,1,0,0,1,2,0,1,0,1,3,1,3,2,1,7,2,2,3,7,2,1,0,1,4,1,1,2,2,6,24,27
Burundi,2024,NF,7,6,1,0,0,1,1,0,0,2,3,0,0,0,0,4,0,3,1,0,4,0,0,1,1,0,0,0,1,1,1,1,1,1,4,10,14
Cabo Verde,2024,F,1,1,4,4,4,12,4,4,4,4,16,4,3,3,10,38,4,4,4,4,16,4,4,3,11,4,3,4,3,14,4,3,3,3,13,54,92
Cambodia,2024,NF,7,5,0,0,0,0,0,0,1,1,2,0,1,1,2,4,1,3,2,1,7,1,1,1,3,0,1,1,1,3,2,1,2,1,6,19,23
Cameroon,2024,NF,6,6,0,1,0,1,1,0,1,1,3,1,0,1,2,6,0,2,1,1,4,0,1,1,2,0,0,0,0,0,0,1,1,1,3,9,15
Canada,2024,F,1,1,4,4,4,12,4,4,4,4,16,4,4,3,11,39,4,3,4,4,15,4,4,4,12,4,4,4,3,15,4,4,4,4,16,58,97
Central African Republic,2024,NF,7,7,0,1,0,1,1,0,0,0,1,0,0,0,0,1,1,0,2,0,3,0,0,1,1,0,0,0,0,0,0,0,0,0,0,4,5
Chad,2024,NF,7,6,0,0,0,0,1,0,0,0,1,0,0,0,0,1,1,1,2,2,6,1,1,2,4,0,1,0,0,1,1,1,0,1,3,14,15
Chile,2024,F,1,1,4,4,4,12,4,4,4,3,15,4,3,4,11,38,4,4,4,4,16,4,4,4,12,4,4,2,3,13,4,4,4,3,15,56,94
China,2024,NF,7,6,0,0,0,0,0,0,0,0,0,0,1,0,1,-2,0,0,0,1,1,1,0,1,2,1,1,0,0,2,1,1,2,2,6,11,9
Colombia,2024,F,2,3,4,3,3,10,4,4,2,3,13,3,2,3,8,31,2,4,4,3,13,2,2,2,6,3,2,2,2,9,3,2,4,2,11,39,70
Comoros,2024,PF,5,4,1,2,2,5,2,1,2,2,7,2,1,1,4,16,1,2,3,2,8,1,2,3,6,1,1,2,2,6,2,2,1,1,6,26,42
Congo (Brazzaville),2024,NF,7,6,0,0,0,0,1,0,0,1,2,0,0,0,0,2,1,3,1,1,6,0,0,2,2,0,1,0,0,1,2,2,1,1,6,15,17
Congo (Kinshasa),2024,NF,7,6,0,1,0,1,1,0,0,1,2,0,1,0,1,4,1,3,2,1,7,1,1,1,3,1,0,0,0,1,1,1,1,1,4,15,19
Costa Rica,2024,F,1,1,4,4,4,12,4,4,4,3,15,4,3,4,11,38,4,4,4,4,16,4,4,3,11,4,3,3,3,13,4,3,3,3,13,53,91
Cote d'Ivoire,2024,PF,4,4,2,2,2,6,3,2,2,2,9,2,1,1,4,19,2,3,2,3,10,2,2,3,7,1,1,2,2,6,2,2,1,2,7,30,49
Croatia,2024,F,2,2,4,4,4,12,4,4,3,3,14,4,2,2,8,34,3,3,3,4,13,4,4,4,12,3,3,3,2,11,4,3,3,3,13,49,83
Cuba,2024,NF,7,6,0,0,0,0,0,0,0,0,0,0,1,0,1,1,0,3,0,1,4,0,0,0,0,0,0,0,1,1,1,1,3,1,6,11,12
Cyprus,2024,F,1,1,4,4,4,12,4,4,4,3,15,4,3,4,11,38,4,4,3,4,15,4,3,4,11,4,4,4,3,15,3,3,4,3,13,54,92
Czech Republic,2024,F,1,1,4,4,4,12,4,4,4,3,15,4,2,3,9,36,4,4,4,4,16,4,4,4,12,4,4,4,3,15,4,4,4,3,15,58,94
Denmark,2024,F,1,1,4,4,4,12,4,4,4,4,16,4,4,4,12,40,4,4,4,4,16,4,4,4,12,4,3,4,3,14,4,4,3,4,15,57,97
Djibouti,2024,NF,7,5,0,1,1,2,1,0,1,1,3,0,0,0,0,5,0,2,2,2,6,0,1,2,3,0,2,1,1,4,2,2,1,1,6,19,24
Dominica,2024,F,1,1,4,4,3,11,4,4,4,4,16,4,3,3,10,37,3,4,4,4,15,3,4,4,11,4,4,4,3,15,4,4,3,4,15,56,93
Dominican Republic,2024,PF,3,3,3,3,3,9,4,3,3,1,11,3,2,2,7,27,2,4,4,4,14,3,4,3,10,3,2,2,1,8,2,3,2,2,9,41,68
Ecuador,2024,PF,3,3,4,4,3,11,3,4,2,3,12,2,2,2,6,29,2,4,3,3,12,3,3,3,9,2,2,1,2,7,3,2,3,2,10,38,67
Egypt,2024,NF,6,6,0,1,1,2,0,0,1,1,2,0,1,1,2,6,0,1,1,1,3,0,0,1,1,1,0,0,1,2,1,2,2,1,6,12,18
El Salvador,2024,PF,4,4,4,3,2,9,2,3,2,3,10,2,0,0,2,21,2,4,3,2,11,3,2,2,7,0,0,2,2,4,3,3,2,2,10,32,53
Equatorial Guinea,2024,NF,7,7,0,0,0,0,0,0,0,0,0,0,0,0,0,0,0,1,1,0,2,0,0,0,0,0,0,0,0,0,1,1,1,0,3,5,5
Eritrea,2024,NF,7,7,0,0,0,0,0,0,0,0,0,0,1,0,1,1,0,1,0,0,1,0,0,0,0,0,0,0,0,0,0,0,1,0,1,2,3
Estonia,2024,F,1,1,4,4,4,12,4,4,4,3,15,4,3,4,11,38,4,4,4,4,16,4,4,4,12,4,4,3,3,14,4,4,4,3,15,57,95
Eswatini,2024,NF,7,6,0,0,0,0,0,0,0,1,1,0,0,0,0,1,1,2,1,1,5,0,1,1,2,2,1,0,1,4,2,1,1,1,5,16,17
Ethiopia,2024,NF,6,6,1,1,2,4,1,1,1,1,4,1,2,1,4,10,1,1,1,1,4,0,1,1,2,1,0,0,0,1,0,1,1,1,3,10,20
Fiji,2024,PF,3,3,3,2,3,8,3,3,2,3,11,3,2,3,8,27,4,4,3,3,14,2,3,3,8,2,1,2,2,7,3,3,2,2,10,39,66
Finland,2024,F,1,1,4,4,4,12,4,4,4,4,16,4,4,4,12,40,4,4,4,4,16,4,4,4,12,4,4,4,4,16,4,4,4,4,16,60,100
France,2024,F,1,2,4,4,4,12,4,4,4,3,15,4,3,4,11,38,4,3,4,3,14,3,3,4,10,4,3,3,3,13,4,4,3,3,14,51,89
Gabon,2024,NF,7,5,0,0,0,0,1,0,0,1,2,0,0,0,0,2,1,3,1,2,7,1,1,1,3,0,1,1,1,3,2,1,1,1,5,18,20
Georgia,2024,PF,4,3,2,2,3,7,2,2,2,2,8,2,2,3,7,22,2,2,3,2,9,2,3,2,7,2,2,2,2,8,4,3,3,2,12,36,58
Germany,2024,F,1,1,4,4,4,12,4,4,4,3,15,4,4,4,12,39,4,3,4,3,14,3,4,4,11,4,4,3,3,14,4,4,4,3,15,54,93
Ghana,2024,F,2,2,4,4,4,12,3,4,3,3,13,4,3,3,10,35,3,3,4,4,14,3,4,3,10,2,3,3,2,10,3,3,3,2,11,45,80
Greece,2024,F,2,2,4,4,4,12,4,4,4,3,15,4,2,2,8,35,3,3,4,3,13,4,4,4,12,3,3,3,2,11,4,3,4,3,14,50,85
Grenada,2024,F,1,2,4,4,3,11,4,4,4,4,16,4,3,3,10,37,3,4,4,4,15,4,4,3,11,4,3,3,3,13,4,3,3,3,13,52,89
Guatemala,2024,PF,5,4,2,2,2,6,2,2,2,2,8,2,0,1,3,17,1,4,3,2,10,2,2,2,6,1,1,2,1,5,3,2,2,1,8,29,46
Guinea,2024,NF,6,5,0,0,0,0,1,1,1,2,5,0,1,1,2,7,1,3,3,2,9,1,1,2,4,1,1,1,1,4,2,2,1,1,6,23,30
Guinea-Bissau,2024,PF,5,4,2,3,2,7,3,2,1,2,8,1,1,0,2,17,1,3,3,3,10,1,2,3,6,1,0,2,2,5,2,1,1,1,5,26,43
Guyana,2024,F,2,3,3,3,3,9,4,4,3,2,13,4,2,2,8,30,3,4,4,4,15,4,4,3,11,2,2,2,2,8,3,2,2,2,9,43,73
Haiti,2024,NF,6,5,1,0,2,3,1,1,1,2,5,1,1,1,3,11,1,3,2,2,8,2,1,1,4,1,1,0,1,3,1,1,2,0,4,19,30
Honduras,2024,PF,4,4,3,2,3,8,3,3,1,2,9,2,1,2,5,22,1,4,2,2,9,2,1,2,5,1,1,1,1,4,2,2,2,2,8,26,48
Hungary,2024,PF,3,3,2,2,3,7,3,2,3,3,11,2,2,2,6,24,2,3,2,3,10,3,2,3,8,2,3,3,2,10,4,3,3,3,13,41,65
Iceland,2024,F,1,1,4,4,4,12,4,4,3,4,15,4,3,3,10,37,3,4,4,4,15,4,4,4,12,4,4,4,3,15,4,4,4,3,15,57,94
India,2024,PF,2,4,4,4,4,12,3,4,3,2,12,4,2,3,9,33,2,2,2,3,9,2,2,3,7,2,2,2,2,8,3,2,2,2,9,33,66
Indonesia,2024,PF,3,4,4,4,3,11,4,4,2,2,12,3,1,2,6,29,3,1,2,3,9,2,2,2,6,2,1,1,1,5,2,2,2,2,8,28,57
Iran,2024,NF,7,7,0,1,1,2,0,1,0,1,2,0,0,0,0,4,0,0,0,0,0,0,0,1,1,1,0,0,1,2,1,1,1,1,4,7,11
Iraq,2024,NF,5,6,2,3,3,8,3,2,1,1,7,1,0,1,2,16,1,1,1,1,4,1,2,2,5,0,0,1,0,1,1,1,1,1,4,14,30
Ireland,2024,F,1,1,4,4,4,12,4,4,4,4,16,4,3,4,11,39,4,4,4,4,16,4,4,4,12,4,4,3,3,14,4,4,4,4,16,58,97
Israel,2024,F,2,3,4,4,4,12,3,4,4,2,13,4,2,3,9,34,3,3,3,3,12,3,2,4,9,3,2,1,2,8,3,3,3,2,11,40,74
Italy,2024,F,1,1,4,4,4,12,4,4,3,3,14,4,3,3,10,36,3,4,4,4,15,4,4,4,12,4,3,3,3,13,4,3,4,3,14,54,90
Jamaica,2024,F,2,2,4,4,3,11,4,4,2,3,13,4,3,2,9,33,4,4,4,3,15,4,4,3,11,4,3,2,1,10,3,3,2,3,11,47,80
Japan,2024,F,1,1,4,4,4,12,4,4,4,4,16,4,4,4,12,40,3,4,4,4,15,4,4,4,12,4,4,4,3,15,4,4,3,3,14,56,96
Jordan,2024,NF,6,5,0,1,1,2,2,1,1,2,6,0,2,1,3,11,1,2,2,1,6,1,1,0,2,2,1,2,2,7,2,2,2,1,7,22,33
Kazakhstan,2024,NF,7,5,0,0,1,1,1,0,1,1,3,0,1,0,1,5,0,1,2,1,4,1,1,0,2,1,1,1,1,4,2,2,2,2,8,18,23
Kenya,2024,PF,4,4,3,3,2,8,2,3,2,2,9,2,1,2,5,22,2,2,3,3,10,2,2,3,7,3,1,1,1,6,2,1,2,2,7,30,52
Kiribati,2024,F,1,1,4,4,4,12,4,4,4,3,15,4,3,3,10,37,4,4,4,4,16,4,4,4,12,2,3,4,3,12,4,3,3,3,13,53,90
Kosovo,2024,PF,3,4,3,3,3,9,3,4,3,3,13,3,1,2,6,28,2,2,3,3,10,3,3,2,8,1,1,2,2,6,3,1,2,2,8,32,60
Kuwait,2024,PF,5,5,0,2,1,3,2,2,2,1,7,1,1,2,4,14,1,2,2,1,6,2,2,1,5,1,2,2,2,7,2,1,2,1,6,24,38
Kyrgyzstan,2024,NF,7,5,0,1,1,2,1,1,0,1,3,0,0,0,0,4,2,2,3,3,10,1,1,2,4,0,0,1,1,2,2,2,2,1,7,23,27
Laos,2024,NF,7,6,0,0,0,0,0,0,0,0,0,0,1,1,2,2,0,1,1,1,3,0,0,0,0,0,0,1,1,2,2,1,2,1,6,11,13
Latvia,2024,F,1,2,4,4,4,12,4,4,4,3,15,4,3,3,10,37,3,4,3,4,14,4,4,4,12,3,3,3,2,11,4,4,3,3,14,51,88
Lebanon,2024,PF,5,4,0,2,2,4,3,2,1,2,8,1,0,0,1,13,2,3,3,2,10,3,3,2,8,1,1,2,1,5,1,2,2,1,6,29,42
Lesotho,2024,F,2,3,4,4,3,11,4,4,2,3,13,2,2,2,6,30,2,4,3,3,12,2,3,2,7,2,2,2,2,8,3,2,2,2,9,36,66
Liberia,2024,PF,2,4,4,4,3,11,3,4,3,3,13,3,1,2,6,30,2,3,3,3,11,3,3,2,8,1,1,2,2,6,3,2,2,2,9,34,64
Libya,2024,NF,7,6,0,0,0,0,1,0,0,0,1,0,0,0,0,1,0,1,1,1,3,1,1,1,3,0,0,0,0,0,0,1,1,0,2,8,9
Liechtenstein,2024,F,2,1,2,4,4,10,4,3,3,3,13,2,4,4,10,33,4,4,4,4,16,4,4,4,12,3,4,4,3,14,4,4,3,4,15,57,90
Lithuania,2024,F,1,2,4,4,4,12,4,4,4,4,16,4,3,3,10,38,3,4,4,4,15,4,4,3,11,3,3,3,2,11,4,4,3,3,14,51,89
Luxembourg,2024,F,1,1,4,4,4,12,4,4,4,4,16,4,3,3,10,38,4,4,4,4,16,4,4,4,12,4,4,4,3,15,4,4,4,4,16,59,97
Madagascar,2024,PF,3,4,2,3,3,8,3,2,2,2,9,3,2,2,7,24,2,3,3,3,11,2,3,3,8,2,1,2,2,7,3,2,2,1,8,34,58
Malawi,2024,PF,3,3,3,3,3,9,3,3,3,3,12,3,2,3,8,29,2,4,4,3,13,3,2,3,8,3,2,2,2,9,2,2,1,2,7,37,66
Malaysia,2024,PF,4,4,2,2,2,6,3,3,2,2,10,2,2,2,6,22,2,1,2,3,8,2,2,2,6,3,2,2,1,8,3,3,2,1,9,31,53
Maldives,2024,PF,4,5,2,3,3,8,3,2,2,1,8,2,1,2,5,21,1,0,1,1,3,3,1,2,6,2,1,2,2,7,2,2,1,2,7,23,44
Mali,2024,NF,6,5,0,0,1,1,1,0,0,2,3,0,1,1,2,6,1,2,2,2,7,2,1,2,5,2,1,0,1,4,1,1,1,1,4,20,26
Malta,2024,F,2,2,4,4,4,12,3,4,3,4,14,4,2,3,9,35,3,4,4,3,14,4,4,4,12,4,3,3,2,12,4,4,3,3,14,52,87
Marshall Islands,2024,F,1,1,4,4,4,12,4,4,4,4,16,4,3,3,10,38,4,4,4,4,16,4,4,3,11,4,4,4,3,15,4,3,3,3,13,55,93
Mauritania,2024,PF,5,5,2,2,2,6,2,1,1,1,5,1,2,1,4,15,2,2,3,2,9,2,1,2,5,1,1,2,1,5,1,2,1,1,5,24,39
Mauritius,2024,F,2,2,4,4,3,11,4,3,4,3,14,4,3,3,10,35,3,4,4,3,14,4,4,3,11,3,4,3,3,13,4,3,3,2,12,50,85
Mexico,2024,PF,3,4,3,3,3,9,4,4,2,3,13,2,1,2,5,27,2,4,3,3,12,3,2,2,7,2,1,1,1,5,2,2,3,2,9,33,60
Micronesia,2024,F,1,1,4,4,4,12,4,4,4,3,15,4,3,3,10,37,4,4,4,4,16,4,4,3,11,4,4,4,3,15,4,3,3,3,13,55,92
Moldova,2024,PF,3,3,4,3,2,9,3,4,2,3,12,3,1,1,5,26,2,3,3,4,12,3,3,2,8,1,1,2,2,6,3,2,2,2,9,35,61
Monaco,2024,F,3,1,0,4,4,8,3,1,2,3,9,2,2,4,8,25,4,4,4,4,16,4,4,4,12,3,4,4,3,14,4,3,4,4,15,57,82
Mongolia,2024,F,1,2,4,4,3,11,4,4,4,4,16,4,2,3,9,36,3,4,4,3,14,4,4,3,11,2,3,3,3,11,4,3,3,2,12,48,84
Montenegro,2024,PF,3,3,3,3,2,8,3,4,2,3,12,3,2,2,7,27,3,3,3,3,12,3,3,3,9,2,2,3,3,10,3,2,3,3,11,42,69
Morocco,2024,PF,5,5,1,2,2,5,2,1,1,1,5,1,1,1,3,13,1,2,2,2,7,1,2,2,5,1,1,2,1,5,2,2,2,1,7,24,37
Mozambique,2024,PF,5,4,1,1,1,3,2,1,2,2,7,1,1,2,4,14,2,3,2,2,9,1,2,2,5,2,2,1,2,7,3,2,2,2,9,30,44
Myanmar,2024,NF,7,6,0,0,0,0,1,1,0,1,3,0,1,0,1,0,1,1,0,1,3,0,1,1,2,0,0,0,0,0,1,1,1,0,3,8,8
Namibia,2024,F,2,2,4,4,3,11,3,3,3,3,12,3,3,2,8,31,3,4,4,3,14,3,4,4,11,3,3,3,2,11,3,3,2,2,10,46,77
Nauru,2024,F,2,3,4,4,4,12,4,3,4,3,14,3,3,2,8,34,2,4,4,3,13,3,3,3,9,2,2,3,2,9,3,3,3,3,12,43,77
Nepal,2024,PF,3,4,4,4,3,11,3,3,3,2,11,3,2,1,6,28,2,2,3,3,10,4,2,2,8,3,1,2,2,8,3,2,2,1,8,34,62
Netherlands,2024,F,1,1,4,4,4,12,4,4,4,4,16,4,4,3,11,39,4,4,4,4,16,4,4,4,12,4,4,4,3,15,4,4,4,3,15,58,97
New Zealand,2024,F,1,1,4,4,4,12,4,4,4,4,16,4,4,4,12,40,4,4,4,4,16,4,4,4,12,4,4,4,3,15,4,4,4,4,16,59,99
Nicaragua,2024,NF,7,6,0,0,0,0,0,0,0,2,2,0,1,1,2,4,0,1,1,0,2,0,0,2,2,0,0,1,1,2,1,1,2,2,6,12,16
Niger,2024,PF,6,4,0,0,0,0,1,1,0,2,4,0,1,1,2,6,2,2,3,2,9,2,2,2,6,1,2,1,2,6,2,2,1,1,6,27,33
Nigeria,2024,PF,4,5,2,2,2,6,3,3,1,2,9,2,1,2,5,20,2,1,3,3,9,2,2,3,7,2,1,0,1,4,1,1,1,1,4,24,44
North Korea,2024,NF,7,7,0,0,0,0,0,0,0,0,0,0,0,0,0,0,0,0,0,0,0,0,0,0,0,0,0,0,0,0,0,1,1,1,3,3,3
North Macedonia,2024,PF,3,3,3,3,3,9,4,3,2,3,12,3,2,2,7,28,3,3,3,3,12,3,3,2,8,2,2,3,2,9,3,3,2,2,10,39,67
Norway,2024,F,1,1,4,4,4,12,4,4,4,4,16,4,3,4,11,39,4,4,4,4,16,4,4,4,12,4,4,4,3,15,4,4,4,4,16,59,98
Oman,2024,NF,6,5,0,1,1,2,0,0,1,1,2,0,2,0,2,6,1,2,1,1,5,1,1,2,4,0,1,2,1,4,1,2,1,1,5,18,24
Pakistan,2024,PF,5,5,1,2,2,5,2,1,1,1,5,1,1,2,4,14,1,1,2,2,6,3,1,2,6,1,1,1,0,3,2,2,1,1,6,21,35
Palau,2024,F,1,1,4,4,4,12,4,4,4,3,15,4,3,3,10,37,4,4,4,4,16,4,4,3,11,4,4,4,3,15,4,3,3,3,13,55,92
Panama,2024,F,2,2,4,4,4,12,4,4,4,3,15,4,2,2,8,35,3,4,4,4,15,4,4,3,11,2,2,3,3,10,4,3,3,2,12,48,83
Papua New Guinea,2024,PF,4,3,3,2,1,6,4,4,2,3,13,2,0,1,3,22,3,4,3,4,14,3,4,3,10,3,1,1,2,7,2,2,2,2,8,39,61
Paraguay,2024,PF,3,3,3,3,3,9,3,3,3,2,11,2,2,2,6,26,2,4,3,3,12,3,3,2,8,2,1,2,2,7,3,3,2,2,10,37,63
Peru,2024,PF,3,3,3,4,3,10,3,4,3,2,12,2,1,2,5,27,3,4,4,4,15,1,3,2,6,2,2,2,2,8,3,3,2,2,10,39,66
Philippines,2024,PF,3,4,3,3,3,9,3,2,2,3,10,3,1,2,6,25,1,4,3,3,11,3,2,2,7,2,1,1,1,5,3,2,3,2,10,33,58
Poland,2024,F,2,2,3,3,3,9,4,4,4,4,16,3,3,2,8,33,3,4,3,3,13,3,3,4,10,1,3,4,2,10,4,4,3,3,14,47,80
Portugal,2024,F,1,1,4,4,4,12,4,4,4,4,16,4,3,4,11,39,4,4,4,4,16,4,4,4,12,4,4,3,3,14,4,4,4,3,15,57,96
Qatar,2024,NF,6,5,0,1,1,2,0,0,1,1,2,0,2,1,3,7,1,2,2,2,7,1,0,1,2,1,1,3,0,5,1,1,1,1,4,18,25
Romania,2024,F,2,2,4,4,4,12,4,4,3,3,14,4,2,3,9,35,3,3,3,4,13,4,4,3,11,3,3,3,3,12,4,2,3,3,12,48,83
Russia,2024,NF,7,6,0,0,0,0,1,0,1,1,3,0,1,0,1,4,0,1,0,0,1,0,0,2,2,1,1,0,0,2,1,1,1,1,4,9,13
Rwanda,2024,NF,6,6,0,1,1,2,1,0,0,1,2,1,2,1,4,8,0,2,1,0,3,0,1,1,2,0,1,1,1,3,2,2,2,1,7,15,23
Samoa,2024,F,2,2,3,3,3,9,4,4,3,3,14,3,3,3,9,32,3,3,4,4,14,4,4,4,12,4,3,4,3,14,3,3,3,3,12,52,84
San Marino,2024,F,1,1,4,4,4,12,4,4,4,3,15,4,4,4,12,39,3,4,4,4,15,4,4,4,12,4,4,4,3,15,4,4,4,4,16,58,97
Sao Tome and Principe,2024,F,2,2,4,4,3,11,4,4,3,4,15,4,2,3,9,35,3,4,4,4,15,4,4,3,11,3,3,3,3,12,4,3,2,2,11,49,84
Saudi Arabia,2024,NF,7,7,0,0,0,0,0,0,0,0,0,0,1,0,1,1,0,0,1,1,2,0,0,0,0,1,1,0,1,3,0,1,0,1,2,7,8
Senegal,2024,PF,3,3,3,3,3,9,3,2,3,3,11,3,2,3,8,28,2,4,4,3,13,1,3,3,7,2,2,2,2,8,3,3,3,2,11,39,67
Serbia,2024,PF,4,3,2,2,1,5,3,1,2,3,9,2,1,1,4,18,2,4,3,2,11,2,2,3,7,2,2,3,2,9,4,3,3,2,12,39,57
Seychelles,2024,F,2,2,4,4,4,12,4,4,3,2,13,4,3,2,9,34,3,4,4,3,14,3,3,3,9,2,3,3,3,11,3,3,2,3,11,45,79
Sierra Leone,2024,PF,3,3,2,2,3,7,2,3,3,3,11,2,1,3,6,24,2,4,3,3,12,1,2,2,5,2,2,3,2,9,3,3,2,2,10,36,60
Singapore,2024,PF,4,4,1,2,1,4,2,2,2,2,8,2,3,2,7,19,1,3,1,2,7,1,1,1,3,1,2,2,2,7,3,3,3,3,12,29,48
Slovakia,2024,F,1,1,4,4,4,12,4,4,4,3,15,4,3,3,10,37,3,4,4,4,15,4,4,4,12,3,3,3,3,12,4,4,3,3,14,53,90
Slovenia,2024,F,1,1,4,4,4,12,4,4,4,4,16,4,3,4,11,39,3,4,4,4,15,4,4,4,12,4,4,4,3,15,4,4,4,3,15,57,96
Solomon Islands,2024,F,3,2,3,3,2,8,4,3,3,3,13,3,3,1,7,28,2,4,4,4,14,3,4,3,10,4,2,3,2,11,3,3,3,3,12,47,75
Somalia,2024,NF,7,7,0,0,0,0,1,1,0,0,2,0,0,0,0,2,1,0,1,1,3,1,1,1,3,0,0,0,0,0,0,0,0,0,0,6,8
South Africa,2024,F,2,2,4,4,4,12,3,3,3,4,13,3,2,3,8,33,3,4,4,4,15,4,4,4,12,3,2,2,2,9,3,3,2,2,10,46,79
South Korea,2024,F,2,2,4,4,3,11,3,4,3,3,13,4,3,2,9,33,3,4,3,4,14,4,3,4,11,3,3,3,3,12,4,3,3,3,13,50,83
South Sudan,2024,NF,7,7,0,0,0,0,1,0,0,0,1,0,0,0,0,-3,0,1,1,0,2,1,0,1,2,0,0,0,0,0,0,0,0,0,0,4,1
Spain,2024,F,1,1,4,4,4,12,4,4,4,4,16,3,3,3,9,37,3,4,4,3,14,3,4,4,11,3,3,4,3,13,4,4,4,3,15,53,90
Sri Lanka,2024,PF,4,4,3,3,3,9,3,2,2,2,9,2,1,2,5,22,3,2,2,2,9,2,3,3,8,3,1,2,1,7,2,2,2,2,8,32,54
St. Kitts and Nevis,2024,F,2,1,4,3,3,10,4,4,4,3,15,4,3,3,10,35,4,4,4,4,16,4,4,4,12,4,3,3,3,13,4,3,3,3,13,54,89
St. Lucia,2024,F,1,1,4,4,3,11,4,4,4,4,16,4,3,4,11,38,3,4,4,4,15,4,4,4,12,4,3,3,3,13,4,4,3,3,14,54,92
St. Vincent and the Grenadines,2024,F,1,1,4,4,3,11,4,4,4,3,15,4,3,3,10,36,3,4,4,4,15,4,4,4,12,4,3,3,3,13,4,4,3,3,14,54,90
Sudan,2024,NF,7,6,0,0,0,0,0,0,0,0,0,0,0,0,0,-3,1,2,1,1,5,0,1,0,1,0,0,0,0,0,1,1,1,0,3,9,6
Suriname,2024,F,2,2,4,4,3,11,4,4,3,3,14,4,2,3,9,34,3,4,4,4,15,4,4,3,11,2,2,3,2,9,3,2,3,2,10,45,79
Sweden,2024,F,1,1,4,4,4,12,4,4,4,4,16,4,4,4,12,40,4,4,4,4,16,4,4,4,12,4,4,3,4,15,4,4,4,4,16,59,99
Switzerland,2024,F,1,1,4,4,4,12,4,4,4,3,15,4,4,4,12,39,4,3,4,4,15,4,4,4,12,4,4,4,3,15,4,4,4,3,15,57,96
Syria,2024,NF,7,7,0,0,0,0,0,0,0,0,0,0,0,0,0,-3,0,2,0,1,3,0,0,0,0,0,0,0,0,0,0,0,1,0,1,4,1
Taiwan,2024,F,1,1,4,4,4,12,4,4,3,4,15,4,3,4,11,38,4,4,4,4,16,4,4,3,11,4,4,4,3,15,4,3,4,3,14,56,94
Tajikistan,2024,NF,7,7,0,0,0,0,0,0,0,0,0,0,0,0,0,0,0,0,0,0,0,0,0,1,1,0,0,0,0,0,1,1,1,1,4,5,5
Tanzania,2024,PF,5,5,1,1,1,3,1,1,1,2,5,1,2,1,4,12,1,3,2,1,7,1,2,2,5,1,1,1,1,4,2,2,2,2,8,24,36
Thailand,2024,PF,5,5,1,2,0,3,1,2,1,2,6,1,1,1,3,12,1,3,1,1,6,1,1,1,3,1,1,1,2,5,3,2,3,2,10,24,36
The Gambia,2024,PF,4,4,3,3,2,8,2,3,2,2,9,2,1,2,5,22,2,2,3,2,9,2,2,2,6,2,2,2,1,7,2,2,1,1,6,28,50
Timor-Leste,2024,F,2,3,4,4,3,11,4,4,3,3,14,4,2,2,8,33,3,3,4,4,14,3,3,2,8,2,1,3,2,8,3,2,2,2,9,39,72
Togo,2024,PF,5,4,1,2,1,4,2,1,1,2,6,2,1,2,5,15,2,3,2,2,9,1,2,2,5,2,1,2,1,6,2,2,1,2,7,27,42
Tonga,2024,F,2,2,3,3,3,9,4,4,3,3,14,3,3,2,8,31,2,4,4,4,14,4,4,3,11,3,3,3,3,12,4,3,3,3,13,50,81
Trinidad and Tobago,2024,F,2,2,4,4,3,11,3,4,3,3,13,4,2,3,9,33,4,4,4,4,16,4,4,3,11,3,2,2,2,9,4,3,3,3,13,49,82
Tunisia,2024,PF,5,3,3,1,2,6,1,1,3,2,7,1,1,1,3,16,2,3,3,3,11,2,2,3,7,1,2,3,1,7,3,2,3,2,10,35,51
Turkey,2024,NF,5,6,2,2,1,5,2,2,3,1,8,2,1,1,4,17,1,2,1,1,5,1,1,1,3,1,0,1,1,3,1,1,2,1,5,16,33
Turkmenistan,2024,NF,7,7,0,0,0,0,0,0,0,0,0,0,0,0,0,0,0,0,0,0,0,0,0,0,0,0,0,0,0,0,0,1,1,0,2,2,2
Tuvalu,2024,F,1,1,4,4,4,12,4,4,4,3,15,4,3,3,10,37,4,4,4,4,16,4,4,4,12,4,4,4,3,15,4,3,3,3,13,56,93
Uganda,2024,NF,6,5,1,1,1,3,1,1,1,1,4,1,1,1,3,10,2,3,2,2,9,1,1,2,4,1,1,1,1,4,3,2,1,1,7,24,34
Ukraine,2024,PF,4,4,4,3,2,9,2,3,2,3,10,2,1,1,4,21,2,3,2,2,9,3,2,2,7,1,1,0,2,4,1,2,3,2,8,28,49
United Arab Emirates,2024,NF,7,6,0,1,0,1,0,0,1,1,2,0,2,0,2,5,0,2,1,1,4,1,0,1,2,0,1,1,1,3,1,1,1,1,4,13,18
United Kingdom,2024,F,1,1,4,4,4,12,4,4,4,4,16,3,3,4,10,38,4,4,3,3,14,3,4,4,11,4,3,3,3,13,4,4,4,3,15,53,91
United States,2024,F,2,2,3,4,3,10,4,4,3,3,14,3,3,3,9,33,3,4,3,4,14,4,4,3,11,3,3,3,2,11,4,4,3,3,14,50,83
Uruguay,2024,F,1,1,4,4,4,12,4,4,4,4,16,4,4,4,12,40,3,4,4,4,15,4,4,4,12,4,3,3,4,14,4,4,4,3,15,56,96
Uzbekistan,2024,NF,7,6,0,0,1,1,0,0,0,0,0,0,0,1,1,2,1,1,1,1,4,0,1,0,1,0,0,1,0,1,1,1,1,1,4,10,12
Vanuatu,2024,F,2,2,3,4,3,10,4,4,4,3,15,2,2,3,7,32,3,4,4,4,15,4,4,3,11,4,3,3,3,13,4,3,2,2,11,50,82
Venezuela,2024,NF,7,6,0,0,0,0,0,0,0,1,1,0,0,0,0,1,1,3,1,1,6,0,1,1,2,0,0,0,1,1,2,1,2,0,5,14,15
Vietnam,2024,NF,7,6,0,0,0,0,0,0,0,1,1,0,2,1,3,4,0,1,1,1,3,1,0,0,1,1,1,1,1,4,2,1,3,1,7,15,19
Yemen,2024,NF,7,6,0,0,0,0,1,0,0,0,1,0,0,0,0,1,0,1,0,1,2,1,1,1,3,1,0,1,0,2,0,1,1,0,2,9,10
Zambia,2024,PF,4,4,2,2,2,6,2,3,3,3,11,2,2,2,6,23,1,3,2,2,8,2,2,3,7,2,2,2,2,8,3,2,2,1,8,31,54
Zimbabwe,2024,NF,6,5,1,1,1,3,1,1,1,1,4,1,1,1,3,10,1,3,2,1,7,1,1,1,3,1,0,0,1,2,2,1,1,1,5,17,27
Afghanistan,2023,NF,7,7,0,0,0,0,0,0,0,0,0,0,1,0,1,1,1,1,0,0,2,1,1,1,3,0,0,0,0,0,0,1,0,1,2,7,8
Albania,2023,PF,3,3,3,3,3,9,3,3,3,3,12,3,2,2,7,28,2,4,3,4,13,3,3,2,8,2,2,2,3,9,3,2,2,2,9,39,67
Algeria,2023,NF,6,5,1,1,1,3,1,1,1,1,4,1,1,1,3,10,1,1,2,2,6,1,1,1,3,1,1,2,2,6,2,2,2,1,7,22,32
Andorra,2023,F,1,1,4,4,4,12,4,4,4,3,15,3,4,4,11,38,3,3,4,4,14,4,4,3,11,4,4,4,3,15,4,4,3,4,15,55,93
Angola,2023,NF,6,5,0,2,1,3,1,1,1,2,5,1,1,0,2,10,1,2,2,2,7,1,1,1,3,1,1,1,2,5,1,1,1,0,3,18,28
Antigua and Barbuda,2023,F,2,2,4,4,4,12,3,4,3,3,13,3,2,3,8,33,3,4,4,4,15,4,3,3,10,4,3,4,3,14,4,3,3,3,13,52,85
Argentina,2023,F,2,2,4,4,3,11,4,4,4,4,16,3,2,3,8,35,3,4,4,4,15,4,4,3,11,2,3,2,3,10,4,3,4,3,14,50,85
Armenia,2023,PF,4,4,2,2,3,7,3,3,2,2,10,2,2,2,6,23,2,2,2,3,9,3,3,2,8,1,1,1,2,5,2,3,2,2,9,31,54
Australia,2023,F,1,1,4,4,4,12,4,4,4,3,15,4,4,3,11,38,3,4,4,4,15,4,4,4,12,4,4,4,3,15,4,4,4,3,15,57,95
Austria,2023,F,1,1,4,4,4,12,4,4,4,3,15,4,3,3,10,37,3,3,4,4,14,4,4,4,12,4,4,4,3,15,4,4,4,3,15,56,93
Azerbaijan,2023,NF,7,7,0,0,0,0,1,0,1,0,2,0,0,0,0,2,0,0,1,1,2,0,0,1,1,0,0,0,0,0,1,1,1,1,4,7,9
Bahamas,2023,F,1,1,4,4,4,12,4,4,4,4,16,4,3,3,10,38,3,4,4,4,15,4,4,4,12,4,3,4,2,13,3,4,3,3,13,53,91
Bahrain,2023,NF,7,6,0,1,1,2,0,0,0,0,0,0,2,0,2,2,0,1,0,1,2,0,0,1,1,0,1,0,0,1,1,2,2,1,6,10,12
Bangladesh,2023,PF,5,5,1,1,2,4,2,1,2,2,7,1,1,2,4,15,1,2,1,2,6,2,2,1,5,1,1,2,1,5,3,2,2,2,9,25,40
Barbados,2023,F,1,1,4,4,4,12,4,3,4,4,15,4,3,3,10,37,4,4,4,4,16,4,4,4,12,4,4,3,3,14,4,4,3,4,15,57,94
Belarus,2023,NF,7,7,0,0,0,0,0,0,0,1,1,0,1,0,1,2,0,1,0,0,1,0,0,0,0,0,0,0,0,0,1,1,2,1,5,6,8
Belgium,2023,F,1,1,4,4,4,12,4,4,4,4,16,4,3,4,11,39,4,3,4,4,15,4,4,4,12,4,4,4,3,15,4,4,4,3,15,57,96
Belize,2023,F,2,1,4,4,4,12,4,4,4,2,14,4,2,2,8,34,4,4,4,4,16,4,4,3,11,4,3,3,3,13,4,3,3,3,13,53,87
Benin,2023,PF,5,3,1,1,1,3,2,1,3,3,9,1,2,2,5,17,2,4,4,4,14,2,3,3,8,2,2,3,3,10,3,3,2,2,10,42,59
Bhutan,2023,PF,3,4,3,4,3,10,3,4,3,2,12,2,3,3,8,29,2,2,2,3,9,2,2,1,5,3,2,2,2,9,2,3,2,2,9,32,61
Bolivia,2023,PF,3,3,4,4,2,10,3,2,2,3,10,3,2,2,7,27,2,4,4,4,14,3,3,3,9,1,1,2,2,6,3,2,3,2,10,39,66
Bosnia and Herzegovina,2023,PF,4,4,2,2,1,5,3,2,2,2,9,2,1,1,4,18,2,3,2,3,10,3,2,2,7,1,2,2,2,7,3,2,3,2,10,34,52
Botswana,2023,F,3,2,3,4,3,10,3,2,3,2,10,3,3,2,8,28,2,4,3,3,12,4,4,2,10,3,3,3,2,11,3,3,2,3,11,44,72
Brazil,2023,F,2,3,3,3,4,10,4,4,2,3,13,3,2,2,7,30,3,4,3,3,13,3,3,3,9,3,2,1,2,8,4,3,3,2,12,42,72
Brunei,2023,NF,6,5,0,0,0,0,1,0,1,1,3,0,3,1,4,7,1,1,2,2,6,1,1,1,3,1,2,1,1,5,2,2,1,2,7,21,28
Bulgaria,2023,F,2,2,4,4,3,11,4,4,3,3,14,3,2,3,8,33,2,3,4,4,13,4,4,3,11,3,2,3,2,10,4,3,3,2,12,46,79
Burkina Faso,2023,NF,7,4,0,0,0,0,1,0,0,1,2,0,1,0,1,3,2,3,2,3,10,2,2,3,7,2,1,0,1,4,1,1,2,2,6,27,30
Burundi,2023,NF,7,6,1,0,0,1,1,0,0,2,3,0,0,0,0,4,0,3,1,0,4,0,0,1,1,0,0,0,1,1,1,1,1,1,4,10,14
Cabo Verde,2023,F,1,1,4,4,4,12,4,4,4,4,16,4,3,3,10,38,4,4,4,4,16,4,4,3,11,4,3,4,3,14,4,3,3,3,13,54,92
Cambodia,2023,NF,7,5,0,0,1,1,0,0,1,1,2,0,1,1,2,5,1,3,2,1,7,1,1,1,3,0,1,1,1,3,2,1,2,1,6,19,24
Cameroon,2023,NF,6,6,0,1,0,1,1,0,1,1,3,1,0,1,2,6,0,2,1,1,4,0,1,1,2,0,0,0,0,0,0,1,1,1,3,9,15
Canada,2023,F,1,1,4,4,4,12,4,4,4,4,16,4,4,4,12,40,4,3,4,4,15,4,4,4,12,4,4,4,3,15,4,4,4,4,16,58,98
Central African Republic,2023,NF,7,7,0,1,1,2,1,1,0,0,2,0,0,0,0,3,1,0,2,0,3,0,0,1,1,0,0,0,0,0,0,0,0,0,0,4,7
Chad,2023,NF,7,6,0,0,0,0,1,0,0,0,1,0,0,0,0,1,1,1,2,2,6,1,1,2,4,0,1,0,0,1,1,1,0,1,3,14,15
Chile,2023,F,1,1,4,4,4,12,4,4,4,3,15,4,3,4,11,38,4,4,4,4,16,4,4,4,12,4,4,2,3,13,4,4,4,3,15,56,94
China,2023,NF,7,6,0,0,0,0,0,0,0,0,0,0,1,0,1,-2,0,0,0,1,1,1,0,1,2,1,1,0,0,2,1,1,2,2,6,11,9
Colombia,2023,F,2,3,4,3,3,10,4,4,2,3,13,3,2,3,8,31,2,4,4,3,13,2,2,2,6,3,2,2,2,9,3,2,4,2,11,39,70
Comoros,2023,PF,5,4,1,2,2,5,2,1,2,2,7,2,1,1,4,16,1,2,3,2,8,1,2,3,6,1,1,2,2,6,2,2,1,1,6,26,42
Congo (Brazzaville),2023,NF,7,6,0,0,0,0,1,0,0,1,2,0,0,0,0,2,1,3,1,1,6,0,0,2,2,0,1,0,0,1,2,2,1,1,6,15,17
Congo (Kinshasa),2023,NF,7,6,0,1,0,1,1,0,0,1,2,0,1,0,1,4,1,3,2,1,7,1,1,1,3,1,0,0,0,1,1,1,1,1,4,15,19
Costa Rica,2023,F,1,1,4,4,4,12,4,4,4,3,15,4,3,4,11,38,4,4,4,4,16,4,4,3,11,4,3,3,3,13,4,3,3,3,13,53,91
Cote d'Ivoire,2023,PF,4,4,2,2,2,6,3,2,2,2,9,2,1,1,4,19,2,3,2,3,10,2,2,3,7,1,1,2,2,6,2,2,1,2,7,30,49
Croatia,2023,F,2,2,4,4,4,12,4,4,3,3,14,4,2,3,9,35,3,3,3,4,13,4,4,4,12,3,3,3,2,11,4,3,3,3,13,49,84
Cuba,2023,NF,7,6,0,0,0,0,0,0,0,0,0,0,1,0,1,1,0,3,0,1,4,0,0,0,0,0,0,0,1,1,1,1,3,1,6,11,12
Cyprus,2023,F,1,1,4,4,4,12,4,4,4,3,15,4,3,4,11,38,4,4,3,4,15,4,3,4,11,4,4,4,3,15,3,3,4,3,13,54,92
Czech Republic,2023,F,1,1,4,4,4,12,4,4,4,3,15,4,2,3,9,36,4,3,4,4,15,4,4,4,12,3,4,4,3,14,4,4,4,3,15,56,92
Denmark,2023,F,1,1,4,4,4,12,4,4,4,4,16,4,4,4,12,40,4,4,4,4,16,4,4,4,12,4,3,4,3,14,4,4,3,4,15,57,97
Djibouti,2023,NF,7,5,0,1,1,2,1,0,1,1,3,0,0,0,0,5,0,2,2,2,6,0,1,2,3,0,2,1,1,4,2,2,1,1,6,19,24
Dominica,2023,F,1,1,4,4,3,11,4,4,4,4,16,4,3,3,10,37,3,4,4,4,15,3,4,4,11,4,4,4,3,15,4,4,3,4,15,56,93
Dominican Republic,2023,PF,3,3,3,3,3,9,4,3,3,1,11,3,2,2,7,27,2,4,4,4,14,3,4,3,10,3,2,2,1,8,2,3,2,2,9,41,68
Ecuador,2023,F,2,3,4,4,3,11,3,4,3,3,13,2,2,2,6,30,3,4,3,3,13,3,3,3,9,2,2,2,2,8,3,2,3,2,10,40,70
Egypt,2023,NF,6,6,0,1,1,2,0,0,1,1,2,0,1,1,2,6,0,1,1,1,3,0,0,1,1,1,0,0,1,2,1,2,2,1,6,12,18
El Salvador,2023,PF,3,4,4,3,3,10,3,4,2,3,12,2,0,1,3,25,2,4,3,2,11,3,2,2,7,0,0,2,2,4,3,2,2,2,9,31,56
Equatorial Guinea,2023,NF,7,7,0,0,0,0,0,0,0,0,0,0,0,0,0,0,0,1,1,0,2,0,0,0,0,0,0,0,0,0,1,1,1,0,3,5,5
Eritrea,2023,NF,7,7,0,0,0,0,0,0,0,0,0,0,1,0,1,1,0,1,0,0,1,0,0,0,0,0,0,0,0,0,0,0,1,0,1,2,3
Estonia,2023,F,1,1,4,4,4,12,4,4,4,3,15,4,3,4,11,38,4,4,4,4,16,4,4,4,12,4,4,3,3,14,4,4,3,3,14,56,94
Eswatini,2023,NF,7,6,0,0,0,0,0,0,0,1,1,0,0,0,0,1,1,2,1,1,5,0,1,1,2,2,1,0,1,4,2,1,1,1,5,16,17
Ethiopia,2023,NF,6,6,1,1,2,4,1,1,1,1,4,1,2,1,4,10,1,1,1,1,4,1,1,1,3,1,0,0,0,1,0,1,1,1,3,11,21
Fiji,2023,PF,3,3,3,2,2,7,3,2,2,3,10,3,2,2,7,24,2,4,2,3,11,2,3,2,7,2,1,2,2,7,3,3,2,2,10,35,59
Finland,2023,F,1,1,4,4,4,12,4,4,4,4,16,4,4,4,12,40,4,4,4,4,16,4,4,4,12,4,4,4,4,16,4,4,4,4,16,60,100
France,2023,F,1,2,4,4,4,12,4,4,4,3,15,4,3,4,11,38,4,3,4,3,14,3,3,4,10,4,3,3,3,13,4,4,3,3,14,51,89
Gabon,2023,NF,7,5,0,0,0,0,1,0,0,1,2,0,0,0,0,2,1,3,1,2,7,1,1,1,3,0,1,1,1,3,2,1,1,1,5,18,20
Georgia,2023,PF,4,3,2,2,3,7,2,2,2,2,8,2,2,3,7,22,2,2,3,2,9,2,3,2,7,2,2,2,2,8,4,3,3,2,12,36,58
Germany,2023,F,1,1,4,4,4,12,4,4,4,3,15,4,4,4,12,39,4,3,4,3,14,4,4,4,12,4,4,3,3,14,4,4,4,3,15,55,94
Ghana,2023,F,2,2,4,4,4,12,3,4,3,3,13,4,3,3,10,35,3,3,4,4,14,3,4,3,10,2,3,3,2,10,3,3,3,2,11,45,80
Greece,2023,F,2,2,4,4,4,12,4,4,4,3,15,4,2,2,8,35,3,3,4,4,14,4,4,4,12,3,3,3,2,11,4,3,4,3,14,51,86
Grenada,2023,F,1,2,4,4,3,11,4,4,4,4,16,4,3,3,10,37,3,4,4,4,15,4,4,3,11,4,3,3,3,13,4,3,3,3,13,52,89
Guatemala,2023,PF,4,4,2,3,2,7,3,3,2,2,10,2,0,1,3,20,1,4,3,2,10,2,2,2,6,1,1,2,1,5,3,2,2,1,8,29,49
Guinea,2023,NF,6,5,0,0,0,0,1,1,1,2,5,0,1,1,2,7,1,3,3,2,9,1,1,2,4,1,1,1,1,4,2,2,1,1,6,23,30
Guinea-Bissau,2023,PF,5,4,2,3,2,7,3,2,1,2,8,1,1,0,2,17,1,3,3,3,10,1,2,3,6,1,0,2,2,5,2,1,1,1,5,26,43
Guyana,2023,F,2,3,3,3,3,9,4,4,3,2,13,4,2,2,8,30,3,4,4,4,15,4,4,3,11,2,2,2,2,8,3,2,2,2,9,43,73
Haiti,2023,NF,6,5,1,0,2,3,1,1,1,2,5,1,1,1,3,11,1,3,2,2,8,2,1,1,4,1,1,1,1,4,1,1,2,0,4,20,31
Honduras,2023,PF,4,4,3,2,3,8,3,3,1,2,9,2,1,2,5,22,1,4,2,2,9,2,1,2,5,1,1,1,1,4,2,2,2,2,8,26,48
Hungary,2023,PF,3,3,2,2,3,7,3,2,3,3,11,2,2,2,6,24,2,3,2,3,10,4,2,3,9,2,3,3,2,10,4,3,3,3,13,42,66
Iceland,2023,F,1,1,4,4,4,12,4,4,3,4,15,4,3,3,10,37,3,4,4,4,15,4,4,4,12,4,4,4,3,15,4,4,4,3,15,57,94
India,2023,PF,2,4,4,4,4,12,3,4,3,2,12,4,2,3,9,33,2,2,2,3,9,2,2,3,7,2,2,2,2,8,3,2,2,2,9,33,66
Indonesia,2023,PF,2,4,4,4,3,11,4,4,3,2,13,3,1,2,6,30,3,1,2,3,9,2,2,2,6,2,1,1,1,5,2,2,2,2,8,28,58
Iran,2023,NF,7,6,0,1,1,2,0,1,0,1,2,0,0,0,0,4,0,0,1,0,1,0,0,1,1,1,0,0,1,2,1,1,1,1,4,8,12
Iraq,2023,NF,5,6,2,3,3,8,3,2,1,1,7,1,0,1,2,16,1,1,1,1,4,0,2,2,4,0,0,1,0,1,1,1,1,1,4,13,29
Ireland,2023,F,1,1,4,4,4,12,4,4,4,4,16,4,3,4,11,39,4,4,4,4,16,4,4,4,12,4,4,3,3,14,4,4,4,4,16,58,97
Israel,2023,F,2,3,4,4,4,12,3,4,4,2,13,4,2,3,9,34,3,3,3,3,12,3,2,4,9,4,3,2,2,11,3,3,3,2,11,43,77
Italy,2023,F,1,1,4,4,4,12,4,4,3,3,14,4,3,3,10,36,3,4,4,4,15,4,4,4,12,4,3,3,3,13,4,3,4,3,14,54,90
Jamaica,2023,F,2,2,4,4,4,12,4,4,2,3,13,4,3,2,9,34,4,4,4,3,15,4,4,3,11,4,2,2,1,9,3,3,2,3,11,46,80
Japan,2023,F,1,1,4,4,4,12,4,4,4,4,16,4,4,4,12,40,3,4,4,4,15,4,4,4,12,4,4,4,3,15,4,4,3,3,14,56,96
Jordan,2023,NF,6,5,0,1,1,2,2,1,1,2,6,0,2,1,3,11,1,2,2,2,7,0,1,0,1,2,1,2,2,7,2,2,2,1,7,22,33
Kazakhstan,2023,NF,7,5,0,0,1,1,1,0,1,1,3,0,1,0,1,5,0,1,2,1,4,1,1,0,2,1,1,1,1,4,2,2,2,2,8,18,23
Kenya,2023,PF,4,4,3,3,2,8,2,3,2,2,9,2,1,2,5,22,2,2,3,3,10,2,2,3,7,3,1,1,1,6,2,1,2,2,7,30,52
Kiribati,2023,F,1,1,4,4,4,12,4,4,4,3,15,4,3,3,10,37,4,4,4,4,16,4,4,4,12,2,4,4,3,13,4,3,3,3,13,54,91
Kosovo,2023,PF,3,4,3,3,3,9,3,4,3,3,13,3,1,2,6,28,2,2,3,3,10,3,3,2,8,1,1,2,2,6,3,1,2,2,8,32,60
Kuwait,2023,PF,5,5,0,2,1,3,2,2,2,1,7,1,1,2,4,14,1,2,2,1,6,1,2,1,4,1,2,2,2,7,2,1,2,1,6,23,37
Kyrgyzstan,2023,NF,7,5,0,1,1,2,1,1,0,1,3,0,0,0,0,4,2,2,3,3,10,1,1,2,4,0,0,1,1,2,2,2,2,1,7,23,27
Laos,2023,NF,7,6,0,0,0,0,0,0,0,0,0,0,1,1,2,2,0,1,1,1,3,0,0,0,0,0,0,1,1,2,2,1,2,1,6,11,13
Latvia,2023,F,1,2,4,4,4,12,4,4,4,3,15,4,3,3,10,37,3,4,3,4,14,4,4,4,12,3,3,3,2,11,4,4,3,3,14,51,88
Lebanon,2023,PF,5,4,1,2,2,5,3,2,1,2,8,1,0,0,1,14,2,3,3,2,10,3,3,2,8,1,1,2,1,5,1,2,2,1,6,29,43
Lesotho,2023,F,2,3,4,4,3,11,4,4,2,3,13,2,2,2,6,30,2,4,3,3,12,2,3,2,7,2,2,2,2,8,3,2,2,2,9,36,66
Liberia,2023,PF,3,4,3,3,2,8,3,3,3,3,12,3,2,2,7,27,2,3,3,3,11,2,3,2,7,1,1,2,2,6,3,2,2,2,9,33,60
Libya,2023,NF,7,6,0,0,0,0,1,0,0,0,1,0,0,0,0,1,1,1,1,1,4,1,1,1,3,0,0,0,0,0,0,1,1,0,2,9,10
Liechtenstein,2023,F,2,1,2,4,4,10,4,3,3,3,13,2,4,4,10,33,4,4,4,4,16,4,4,4,12,3,4,4,3,14,4,4,3,4,15,57,90
Lithuania,2023,F,1,2,4,4,4,12,4,4,4,4,16,4,3,3,10,38,3,4,4,4,15,4,4,3,11,3,3,3,2,11,4,4,3,3,14,51,89
Luxembourg,2023,F,1,1,4,4,4,12,4,4,4,4,16,4,3,3,10,38,4,4,4,4,16,4,4,4,12,4,4,4,3,15,4,4,4,4,16,59,97
Madagascar,2023,PF,3,4,3,3,3,9,3,3,3,2,11,3,2,2,7,27,2,3,3,3,11,2,3,3,8,2,1,2,2,7,3,2,2,1,8,34,61
Malawi,2023,PF,3,3,3,3,3,9,3,3,3,3,12,3,2,3,8,29,2,4,4,3,13,3,2,3,8,3,2,2,2,9,2,2,1,2,7,37,66
Malaysia,2023,PF,4,4,2,2,2,6,3,3,2,2,10,2,2,2,6,22,2,1,2,3,8,2,2,2,6,3,2,2,1,8,3,3,2,1,9,31,53
Maldives,2023,PF,4,5,2,3,2,7,3,2,2,1,8,2,1,1,4,19,1,0,1,1,3,2,1,2,5,2,1,2,2,7,2,2,1,2,7,22,41
Mali,2023,NF,6,5,0,0,1,1,2,1,0,2,5,0,1,1,2,8,2,2,2,2,8,2,1,2,5,2,1,0,1,4,1,1,1,1,4,21,29
Malta,2023,F,2,1,4,4,4,12,3,4,3,4,14,4,2,3,9,35,3,4,4,3,14,4,4,4,12,4,4,3,3,14,4,4,3,3,14,54,89
Marshall Islands,2023,F,1,1,4,4,4,12,4,4,4,4,16,4,3,3,10,38,4,4,4,4,16,4,4,3,11,4,4,4,3,15,4,3,3,3,13,55,93
Mauritania,2023,PF,5,5,2,2,2,6,2,1,1,0,4,1,2,1,4,14,2,2,3,2,9,2,1,2,5,1,1,1,1,4,1,2,1,0,4,22,36
Mauritius,2023,F,2,2,4,4,3,11,4,3,4,3,14,4,3,3,10,35,3,4,4,3,14,4,4,3,11,3,4,3,3,13,4,3,3,2,12,50,85
Mexico,2023,PF,3,4,3,3,3,9,4,4,2,3,13,2,1,2,5,27,2,4,3,3,12,3,2,2,7,2,1,1,1,5,3,2,2,2,9,33,60
Micronesia,2023,F,1,1,4,4,4,12,4,4,4,3,15,4,3,3,10,37,4,4,4,4,16,4,4,3,11,4,4,4,3,15,4,3,3,3,13,55,92
Moldova,2023,PF,3,3,4,3,3,10,3,4,2,3,12,3,1,1,5,27,2,3,3,4,12,3,3,2,8,1,1,2,2,6,3,2,2,2,9,35,62
Monaco,2023,F,3,1,0,4,4,8,3,2,2,3,10,2,3,4,9,27,4,4,4,4,16,4,4,4,12,3,4,4,3,14,4,3,4,4,15,57,84
Mongolia,2023,F,1,2,4,4,3,11,4,4,4,4,16,4,2,3,9,36,3,4,4,3,14,4,4,3,11,2,3,3,3,11,4,3,3,2,12,48,84
Montenegro,2023,PF,3,3,3,3,2,8,3,3,2,3,11,3,2,2,7,26,3,3,3,3,12,3,3,3,9,2,1,3,3,9,3,2,3,3,11,41,67
Morocco,2023,PF,5,5,1,2,2,5,2,1,1,1,5,1,1,1,3,13,1,2,2,2,7,1,2,2,5,1,1,2,1,5,2,2,2,1,7,24,37
Mozambique,2023,PF,5,4,1,1,1,3,2,1,2,2,7,1,1,2,4,14,2,3,2,2,9,2,2,2,6,2,2,1,2,7,3,2,2,2,9,31,45
Myanmar,2023,NF,7,6,0,0,0,0,1,1,0,1,3,0,1,0,1,0,1,1,0,1,3,0,1,1,2,0,0,0,0,0,1,1,1,1,4,9,9
Namibia,2023,F,2,2,4,4,3,11,3,3,3,3,12,3,3,2,8,31,3,4,4,3,14,3,4,4,11,3,3,3,2,11,3,3,2,2,10,46,77
Nauru,2023,F,2,3,4,4,4,12,4,3,4,3,14,3,3,2,8,34,2,4,4,3,13,3,3,3,9,2,2,3,2,9,3,3,3,3,12,43,77
Nepal,2023,PF,3,4,3,4,3,10,3,3,3,2,11,3,1,1,5,26,2,2,3,3,10,3,2,2,7,3,1,2,1,7,3,2,2,1,8,32,58
Netherlands,2023,F,1,1,4,4,4,12,4,4,4,4,16,4,4,3,11,39,4,4,4,4,16,4,4,4,12,4,4,4,3,15,4,4,4,3,15,58,97
New Zealand,2023,F,1,1,4,4,4,12,4,4,4,4,16,4,4,4,12,40,4,4,4,4,16,4,4,4,12,4,4,4,3,15,4,4,4,4,16,59,99
Nicaragua,2023,NF,7,6,0,0,0,0,0,0,1,2,3,0,1,1,2,5,0,1,1,0,2,0,0,2,2,0,0,1,1,2,2,2,2,2,8,14,19
Niger,2023,PF,4,4,3,3,2,8,2,2,2,3,9,2,2,2,6,23,2,2,3,3,10,2,2,2,6,1,2,1,2,6,2,2,1,1,6,28,51
Nigeria,2023,PF,4,5,2,2,2,6,3,3,1,2,9,2,1,2,5,20,2,1,3,3,9,1,2,3,6,2,1,0,1,4,1,1,1,1,4,23,43
North Korea,2023,NF,7,7,0,0,0,0,0,0,0,0,0,0,0,0,0,0,0,0,0,0,0,0,0,0,0,0,0,0,0,0,0,1,1,1,3,3,3
North Macedonia,2023,PF,3,3,3,3,3,9,4,3,2,3,12,3,2,3,8,29,3,3,3,3,12,3,3,2,8,2,2,3,2,9,3,3,2,2,10,39,68
Norway,2023,F,1,1,4,4,4,12,4,4,4,4,16,4,4,4,12,40,4,4,4,4,16,4,4,4,12,4,4,4,4,16,4,4,4,4,16,60,100
Oman,2023,NF,6,5,0,1,1,2,0,0,1,1,2,0,2,0,2,6,1,2,1,1,5,1,1,2,4,0,1,2,1,4,1,2,1,1,5,18,24
Pakistan,2023,PF,5,5,1,2,2,5,2,2,1,1,6,1,1,2,4,15,1,1,2,2,6,3,1,2,6,1,1,1,1,4,2,2,1,1,6,22,37
Palau,2023,F,1,1,4,4,4,12,4,4,4,3,15,4,3,3,10,37,4,4,4,4,16,4,4,3,11,4,4,4,3,15,4,3,3,3,13,55,92
Panama,2023,F,2,2,4,4,4,12,4,4,4,3,15,4,2,2,8,35,3,4,4,4,15,4,4,3,11,2,2,3,3,10,4,3,3,2,12,48,83
Papua New Guinea,2023,PF,4,3,3,2,1,6,4,4,2,3,13,2,0,1,3,22,3,4,3,4,14,3,4,3,10,3,1,1,2,7,2,2,2,2,8,39,61
Paraguay,2023,PF,3,3,3,4,3,10,3,4,3,2,12,2,2,2,6,28,2,4,3,3,12,3,3,2,8,2,1,2,2,7,3,3,2,2,10,37,65
Peru,2023,PF,3,3,3,4,3,10,4,4,3,2,13,2,2,2,6,29,3,4,4,4,15,2,3,2,7,2,2,2,2,8,4,3,2,2,11,41,70
Philippines,2023,PF,3,4,3,3,3,9,3,2,2,3,10,3,1,2,6,25,1,4,3,3,11,3,2,2,7,2,1,1,1,5,3,2,3,2,10,33,58
Poland,2023,F,2,2,3,4,3,10,4,4,4,4,16,3,3,2,8,34,3,4,3,3,13,3,3,4,10,1,3,4,2,10,4,4,3,3,14,47,81
Portugal,2023,F,1,1,4,4,4,12,4,4,4,4,16,4,3,4,11,39,4,4,4,4,16,4,4,4,12,4,4,3,3,14,4,4,4,3,15,57,96
Qatar,2023,NF,6,5,0,1,1,2,0,0,1,1,2,0,2,1,3,7,1,2,2,2,7,1,0,1,2,1,1,3,0,5,1,1,1,1,4,18,25
Romania,2023,F,2,2,4,4,4,12,4,4,3,3,14,4,2,3,9,35,3,3,3,4,13,4,4,3,11,3,3,3,3,12,4,2,3,3,12,48,83
Russia,2023,NF,7,6,0,0,0,0,1,0,1,1,3,0,1,1,2,5,0,1,0,1,2,0,0,2,2,1,1,0,0,2,1,1,2,1,5,11,16
Rwanda,2023,NF,6,6,0,1,1,2,1,0,0,1,2,1,2,1,4,8,0,2,1,0,3,0,1,1,2,0,1,1,1,3,2,2,2,1,7,15,23
Samoa,2023,F,2,2,3,3,3,9,4,3,3,3,13,3,3,3,9,31,3,3,4,4,14,4,4,4,12,4,3,4,3,14,3,3,3,3,12,52,83
San Marino,2023,F,1,1,4,4,4,12,4,4,4,3,15,4,4,4,12,39,3,4,4,4,15,4,4,4,12,4,4,4,3,15,4,4,4,4,16,58,97
Sao Tome and Principe,2023,F,2,2,4,4,3,11,4,4,3,4,15,4,2,3,9,35,3,4,4,4,15,4,4,3,11,3,3,3,3,12,4,3,2,2,11,49,84
Saudi Arabia,2023,NF,7,7,0,0,0,0,0,0,0,0,0,0,1,0,1,1,0,0,1,1,2,0,0,0,0,1,1,0,1,3,0,1,0,1,2,7,8
Senegal,2023,PF,3,3,3,3,3,9,3,3,3,3,12,3,2,3,8,29,2,4,4,3,13,1,3,3,7,2,2,2,2,8,3,3,3,2,11,39,68
Serbia,2023,PF,4,3,2,2,2,6,3,1,2,3,9,2,1,2,5,20,2,4,3,3,12,2,2,3,7,2,2,3,2,9,4,3,3,2,12,40,60
Seychelles,2023,F,2,2,4,4,4,12,4,4,3,2,13,4,3,2,9,34,3,4,4,3,14,3,3,3,9,2,3,3,3,11,3,3,2,3,11,45,79
Sierra Leone,2023,PF,3,3,3,3,3,9,2,3,3,3,11,3,1,3,7,27,2,4,3,3,12,1,2,2,5,2,2,3,2,9,3,3,2,2,10,36,63
Singapore,2023,PF,4,4,1,2,1,4,2,2,2,2,8,2,3,2,7,19,1,3,1,2,7,1,1,1,3,1,2,2,2,7,2,3,3,3,11,28,47
Slovakia,2023,F,1,1,4,4,4,12,4,4,4,3,15,4,3,3,10,37,3,4,4,4,15,4,4,4,12,3,3,3,3,12,4,4,3,3,14,53,90
Slovenia,2023,F,1,1,4,4,4,12,4,4,4,4,16,4,3,4,11,39,2,4,4,4,14,4,4,4,12,4,4,4,3,15,4,4,4,3,15,56,95
Solomon Islands,2023,F,3,2,3,3,2,8,4,4,3,3,14,3,3,1,7,29,2,4,4,4,14,3,4,3,10,4,2,3,2,11,3,3,3,3,12,47,76
Somalia,2023,NF,7,7,0,0,0,0,1,1,0,0,2,0,0,0,0,2,1,0,1,1,3,1,1,1,3,0,0,0,0,0,0,0,0,0,0,6,8
South Africa,2023,F,2,2,4,4,4,12,3,3,3,4,13,3,2,3,8,33,3,4,4,4,15,4,4,4,12,3,2,2,2,9,3,3,2,2,10,46,79
South Korea,2023,F,2,2,4,4,3,11,3,4,3,3,13,4,3,2,9,33,3,4,3,4,14,4,3,4,11,3,3,3,3,12,4,3,3,3,13,50,83
South Sudan,2023,NF,7,7,0,0,0,0,1,0,0,0,1,0,0,0,0,-3,0,1,1,0,2,1,0,1,2,0,0,0,0,0,0,0,0,0,0,4,1
Spain,2023,F,1,1,4,4,4,12,4,4,4,4,16,3,3,3,9,37,3,4,4,3,14,3,4,4,11,3,3,4,3,13,4,4,4,3,15,53,90
Sri Lanka,2023,PF,4,4,3,3,3,9,3,3,2,2,10,2,1,2,5,23,2,2,2,2,8,2,3,3,8,3,1,2,1,7,2,2,2,2,8,31,54
St. Kitts and Nevis,2023,F,2,1,4,3,3,10,4,4,4,3,15,4,3,3,10,35,4,4,4,4,16,4,4,4,12,4,3,3,3,13,4,3,3,3,13,54,89
St. Lucia,2023,F,1,1,4,4,3,11,4,4,4,4,16,4,3,4,11,38,3,4,4,4,15,4,4,4,12,4,3,3,3,13,4,4,3,3,14,54,92
St. Vincent and the Grenadines,2023,F,1,1,4,4,3,11,4,4,4,3,15,4,3,3,10,36,3,4,4,4,15,4,4,4,12,4,3,4,3,14,4,4,3,3,14,55,91
Sudan,2023,NF,7,6,0,0,0,0,1,0,0,1,2,0,0,0,0,0,1,2,1,1,5,0,2,0,2,0,0,0,0,0,1,1,1,0,3,10,10
Suriname,2023,F,2,2,4,4,3,11,4,4,3,3,14,4,2,3,9,34,3,4,4,4,15,4,4,3,11,2,2,3,2,9,3,2,3,2,10,45,79
Sweden,2023,F,1,1,4,4,4,12,4,4,4,4,16,4,4,4,12,40,4,4,4,4,16,4,4,4,12,4,4,4,4,16,4,4,4,4,16,60,100
Switzerland,2023,F,1,1,4,4,4,12,4,4,4,3,15,4,4,4,12,39,4,3,4,4,15,4,4,4,12,4,4,4,3,15,4,4,4,3,15,57,96
Syria,2023,NF,7,7,0,0,0,0,0,0,0,0,0,0,0,0,0,-3,0,2,0,1,3,0,0,0,0,0,0,0,0,0,0,0,1,0,1,4,1
Taiwan,2023,F,1,1,4,4,4,12,4,4,3,4,15,4,3,4,11,38,4,4,4,4,16,4,4,3,11,4,4,4,3,15,4,3,4,3,14,56,94
Tajikistan,2023,NF,7,7,0,0,0,0,0,0,0,0,0,0,0,0,0,0,0,0,0,1,1,0,0,1,1,0,0,0,1,1,1,1,1,1,4,7,7
Tanzania,2023,PF,5,5,1,1,1,3,1,1,1,2,5,1,2,1,4,12,1,3,2,1,7,1,2,2,5,1,1,1,1,4,2,2,2,2,8,24,36
Thailand,2023,NF,6,5,0,1,0,1,1,1,0,1,3,0,1,1,2,6,1,3,1,1,6,1,1,1,3,1,1,1,2,5,3,2,3,2,10,24,30
The Gambia,2023,PF,4,4,3,3,2,8,2,3,2,2,9,2,1,1,4,21,2,2,2,2,8,2,2,2,6,2,2,2,1,7,2,2,1,1,6,27,48
Timor-Leste,2023,F,2,3,4,4,3,11,4,4,3,3,14,4,2,2,8,33,3,3,4,4,14,3,3,2,8,2,1,3,2,8,3,2,2,2,9,39,72
Togo,2023,PF,5,4,1,2,1,4,2,1,1,2,6,2,1,2,5,15,2,3,2,2,9,1,2,2,5,2,1,2,1,6,2,2,1,2,7,27,42
Tonga,2023,F,2,2,3,3,3,9,4,4,3,3,14,3,3,2,8,31,2,4,4,4,14,4,4,3,11,3,3,3,3,12,4,3,3,3,13,50,81
Trinidad and Tobago,2023,F,2,2,4,4,3,11,3,4,3,3,13,4,2,3,9,33,4,4,4,4,16,4,4,3,11,3,2,2,2,9,4,3,3,3,13,49,82
Tunisia,2023,PF,4,3,3,1,2,6,2,3,3,2,10,1,1,2,4,20,2,3,3,3,11,2,2,3,7,1,2,3,2,8,3,2,3,2,10,36,56
Turkey,2023,NF,5,6,2,2,1,5,2,2,3,1,8,2,1,0,3,16,1,2,1,1,5,1,1,1,3,1,0,1,1,3,1,1,2,1,5,16,32
Turkmenistan,2023,NF,7,7,0,0,0,0,0,0,0,0,0,0,0,0,0,0,0,0,0,0,0,0,0,0,0,0,0,0,0,0,0,1,1,0,2,2,2
Tuvalu,2023,F,1,1,4,4,4,12,4,4,4,3,15,4,3,3,10,37,4,4,4,4,16,4,4,4,12,4,4,4,3,15,4,3,3,3,13,56,93
Uganda,2023,NF,6,5,1,1,1,3,1,1,1,2,5,1,1,1,3,11,2,3,2,2,9,1,1,2,4,1,1,1,1,4,3,2,1,1,7,24,35
Ukraine,2023,PF,4,4,4,3,2,9,2,4,2,3,11,2,1,1,4,22,2,3,2,2,9,3,2,2,7,1,1,0,2,4,1,2,3,2,8,28,50
United Arab Emirates,2023,NF,7,6,0,1,0,1,0,0,1,1,2,0,2,0,2,5,0,2,1,1,4,1,0,1,2,0,1,1,1,3,1,1,1,1,4,13,18
United Kingdom,2023,F,1,1,4,4,4,12,4,4,4,4,16,4,3,4,11,39,4,4,3,3,14,4,4,4,12,4,3,3,3,13,4,4,4,3,15,54,93
United States,2023,F,2,2,3,4,3,10,4,4,3,3,14,3,3,3,9,33,3,4,3,4,14,4,4,3,11,3,3,3,2,11,4,4,3,3,14,50,83
Uruguay,2023,F,1,1,4,4,4,12,4,4,4,4,16,4,4,4,12,40,3,4,4,4,15,4,4,4,12,4,3,3,4,14,4,4,4,3,15,56,96
Uzbekistan,2023,NF,7,6,0,0,1,1,0,0,0,0,0,0,0,1,1,2,1,1,1,1,4,0,1,0,1,0,0,1,0,1,1,1,1,1,4,10,12
Vanuatu,2023,F,2,2,3,4,3,10,4,4,4,3,15,3,2,3,8,33,2,4,4,4,14,4,4,3,11,4,3,3,3,13,4,3,2,2,11,49,82
Venezuela,2023,NF,7,6,0,0,0,0,0,0,0,1,1,0,0,0,0,1,1,3,1,1,6,0,1,1,2,0,0,0,1,1,2,1,2,0,5,14,15
Vietnam,2023,NF,7,6,0,0,0,0,0,0,0,1,1,0,2,1,3,4,0,1,1,1,3,1,0,0,1,1,1,1,1,4,2,1,3,1,7,15,19
Yemen,2023,NF,7,6,0,0,0,0,1,0,0,0,1,0,0,0,0,1,0,1,0,1,2,1,1,1,3,1,0,0,0,1,0,1,1,0,2,8,9
Zambia,2023,PF,4,4,2,2,2,6,2,3,3,3,11,2,2,2,6,23,1,3,2,2,8,2,2,3,7,2,2,2,2,8,3,2,2,1,8,31,54
Zimbabwe,2023,NF,6,5,1,1,1,3,2,1,1,1,5,1,1,1,3,11,1,3,2,1,7,1,1,1,3,1,0,0,1,2,2,1,1,1,5,17,28
Afghanistan,2022,NF,7,6,0,0,0,0,0,0,0,0,0,0,1,0,1,1,1,1,1,1,4,1,1,1,3,0,0,0,0,0,0,1,0,1,2,9,10
Albania,2022,PF,3,3,3,3,3,9,3,3,3,3,12,3,2,2,7,28,2,4,3,4,13,3,3,2,8,2,2,2,3,9,3,2,2,2,9,39,67
Algeria,2022,NF,6,5,1,1,1,3,1,1,1,1,4,1,1,1,3,10,1,1,2,2,6,1,1,1,3,1,1,2,2,6,2,2,2,1,7,22,32
Andorra,2022,F,1,1,4,4,4,12,4,4,4,3,15,3,4,4,11,38,3,3,4,4,14,4,4,3,11,4,4,4,3,15,4,4,3,4,15,55,93
Angola,2022,NF,6,5,0,2,1,3,1,1,1,2,5,1,1,0,2,10,1,2,2,2,7,1,2,2,5,1,1,1,2,5,1,1,1,0,3,20,30
Antigua and Barbuda,2022,F,2,2,4,4,4,12,3,4,3,3,13,3,2,3,8,33,3,4,4,4,15,4,3,3,10,4,3,4,3,14,4,3,3,3,13,52,85
Argentina,2022,F,2,2,4,4,3,11,4,4,4,4,16,3,2,3,8,35,3,4,4,4,15,4,4,3,11,2,3,2,3,10,3,3,4,3,13,49,84
Armenia,2022,PF,4,4,2,2,3,7,3,3,2,2,10,2,2,2,6,23,2,2,2,3,9,3,3,2,8,1,1,2,2,6,2,3,2,2,9,32,55
Australia,2022,F,1,1,4,4,4,12,4,4,4,3,15,4,4,4,12,39,3,4,4,4,15,4,4,4,12,4,4,4,3,15,3,4,4,3,14,56,95
Austria,2022,F,1,1,4,4,4,12,4,4,4,3,15,4,3,3,10,37,3,3,4,4,14,4,4,4,12,4,4,4,3,15,4,4,4,3,15,56,93
Azerbaijan,2022,NF,7,7,0,0,0,0,1,0,1,0,2,0,0,0,0,2,0,0,1,1,2,0,0,1,1,0,0,0,0,0,1,1,1,1,4,7,9
Bahamas,2022,F,1,1,4,4,4,12,4,4,4,4,16,4,3,3,10,38,3,4,4,4,15,4,4,4,12,4,3,4,2,13,3,4,3,3,13,53,91
Bahrain,2022,NF,7,6,0,1,1,2,0,0,0,0,0,0,2,0,2,2,0,1,0,1,2,0,0,1,1,0,1,0,0,1,1,2,2,1,6,10,12
Bangladesh,2022,PF,5,5,1,1,2,4,2,1,2,2,7,1,1,2,4,15,1,2,1,2,6,2,2,1,5,1,1,1,1,4,3,2,2,2,9,24,39
Barbados,2022,F,1,1,4,4,4,12,4,4,4,4,16,4,3,3,10,38,4,4,4,4,16,4,4,4,12,4,4,3,3,14,4,4,3,4,15,57,95
Belarus,2022,NF,7,7,0,0,0,0,0,0,0,1,1,0,1,0,1,2,0,1,0,0,1,0,0,0,0,0,0,0,0,0,1,1,2,1,5,6,8
Belgium,2022,F,1,1,4,4,4,12,4,4,4,4,16,4,3,4,11,39,4,3,4,4,15,4,4,4,12,4,4,4,3,15,4,4,4,3,15,57,96
Belize,2022,F,2,1,4,4,4,12,4,4,4,2,14,4,2,2,8,34,4,4,4,4,16,4,4,3,11,4,3,3,3,13,4,3,3,3,13,53,87
Benin,2022,PF,5,3,1,1,1,3,2,1,3,3,9,1,2,2,5,17,2,4,4,4,14,2,3,3,8,2,2,3,3,10,3,3,2,2,10,42,59
Bhutan,2022,PF,3,4,3,4,3,10,3,4,3,2,12,2,3,3,8,29,2,2,2,3,9,2,2,1,5,3,2,2,2,9,2,3,2,2,9,32,61
Bolivia,2022,PF,3,3,4,4,2,10,3,2,2,3,10,3,2,2,7,27,2,4,4,4,14,3,3,3,9,1,1,2,2,6,3,2,3,2,10,39,66
Bosnia and Herzegovina,2022,PF,4,4,2,2,2,6,3,2,2,2,9,2,1,1,4,19,2,3,2,3,10,3,2,2,7,1,2,2,2,7,3,2,3,2,10,34,53
Botswana,2022,F,3,2,3,4,3,10,3,2,3,2,10,3,3,2,8,28,2,4,3,3,12,4,4,2,10,3,3,3,2,11,3,3,2,3,11,44,72
Brazil,2022,F,2,3,3,3,4,10,4,4,3,3,14,3,2,2,7,31,3,4,3,3,13,3,3,3,9,3,2,1,2,8,4,3,3,2,12,42,73
Brunei,2022,NF,6,5,0,0,0,0,1,0,1,1,3,0,3,1,4,7,1,1,2,2,6,1,1,1,3,1,2,1,1,5,2,2,1,2,7,21,28
Bulgaria,2022,F,2,2,4,4,3,11,4,4,3,3,14,3,2,3,8,33,2,3,4,4,13,4,4,3,11,3,2,3,2,10,4,3,3,2,12,46,79
Burkina Faso,2022,PF,4,4,2,2,3,7,2,3,2,3,10,2,2,2,6,23,2,3,3,3,11,2,2,3,7,2,1,0,2,5,1,2,2,2,7,30,53
Burundi,2022,NF,7,6,1,0,0,1,1,0,0,2,3,0,0,0,0,4,0,3,1,0,4,0,0,1,1,0,0,0,1,1,1,1,1,1,4,10,14
Cabo Verde,2022,F,1,1,4,4,4,12,4,4,4,4,16,4,3,3,10,38,4,4,4,4,16,4,4,3,11,4,3,4,3,14,4,3,3,3,13,54,92
Cambodia,2022,NF,7,5,0,0,1,1,0,0,1,1,2,0,1,1,2,5,1,3,2,1,7,1,1,1,3,0,1,1,1,3,2,1,2,1,6,19,24
Cameroon,2022,NF,6,6,0,1,0,1,1,0,1,1,3,1,0,1,2,6,0,2,1,1,4,0,1,1,2,0,0,0,0,0,0,1,1,1,3,9,15
Canada,2022,F,1,1,4,4,4,12,4,4,4,4,16,4,4,4,12,40,4,3,4,4,15,4,4,4,12,4,4,4,3,15,4,4,4,4,16,58,98
Central African Republic,2022,NF,7,7,0,1,1,2,1,1,0,0,2,0,0,0,0,3,1,0,2,0,3,0,0,1,1,0,0,0,0,0,0,0,0,0,0,4,7
Chad,2022,NF,7,6,0,0,0,0,1,0,0,0,1,0,0,0,0,1,1,1,2,2,6,1,1,2,4,0,1,0,0,1,1,1,0,1,3,14,15
Chile,2022,F,1,1,4,4,4,12,4,4,4,3,15,4,3,4,11,38,4,4,4,4,16,4,4,4,12,4,4,2,3,13,4,4,4,3,15,56,94
China,2022,NF,7,6,0,0,0,0,0,0,0,0,0,0,1,0,1,-2,0,0,0,1,1,1,0,1,2,1,1,0,0,2,1,1,2,2,6,11,9
Colombia,2022,PF,3,3,4,3,3,10,3,3,2,3,11,3,2,3,8,29,2,4,3,3,12,1,2,2,5,3,2,2,2,9,2,2,3,2,9,35,64
Comoros,2022,PF,5,4,1,2,2,5,2,1,2,2,7,2,1,1,4,16,1,2,3,2,8,1,2,3,6,1,1,2,2,6,2,2,1,1,6,26,42
Congo (Brazzaville),2022,NF,7,6,0,0,0,0,1,0,0,1,2,0,0,0,0,2,1,3,1,1,6,0,0,2,2,0,1,0,0,1,2,2,1,1,6,15,17
Congo (Kinshasa),2022,NF,7,6,0,1,0,1,1,0,0,1,2,0,1,0,1,4,1,3,2,1,7,1,1,1,3,1,0,0,0,1,1,1,1,1,4,15,19
Costa Rica,2022,F,1,1,4,4,4,12,4,4,4,3,15,4,3,4,11,38,4,4,4,4,16,4,4,3,11,4,3,3,3,13,4,3,3,3,13,53,91
Cote d'Ivoire,2022,PF,4,4,2,2,2,6,3,2,2,2,9,2,1,1,4,19,2,3,2,3,10,2,2,3,7,1,1,2,2,6,2,2,1,2,7,30,49
Croatia,2022,F,1,2,4,4,4,12,4,4,3,3,14,4,3,3,10,36,3,3,3,4,13,4,4,4,12,3,3,3,2,11,4,3,3,3,13,49,85
Cuba,2022,NF,7,6,0,0,0,0,0,0,0,0,0,0,1,0,1,1,0,3,0,1,4,0,0,0,0,0,0,0,1,1,1,1,3,1,6,11,12
Cyprus,2022,F,1,1,4,4,4,12,4,4,4,3,15,4,3,4,11,38,4,4,3,4,15,4,3,4,11,4,4,4,3,15,3,4,4,3,14,55,93
Czech Republic,2022,F,1,1,4,4,4,12,4,4,4,3,15,4,2,3,9,36,3,3,4,4,14,4,4,4,12,3,4,4,3,14,4,4,4,3,15,55,91
Denmark,2022,F,1,1,4,4,4,12,4,4,4,4,16,4,4,4,12,40,4,4,4,4,16,4,4,4,12,4,3,4,3,14,4,4,3,4,15,57,97
Djibouti,2022,NF,7,5,0,1,1,2,1,0,1,1,3,0,0,0,0,5,0,2,2,2,6,0,1,2,3,0,2,1,1,4,2,2,1,1,6,19,24
Dominica,2022,F,1,1,4,4,3,11,4,4,4,4,16,4,3,3,10,37,3,4,4,4,15,3,4,4,11,4,4,4,3,15,4,4,3,4,15,56,93
Dominican Republic,2022,PF,3,3,3,3,3,9,4,3,3,1,11,3,2,2,7,27,2,4,4,4,14,3,4,3,10,3,2,2,1,8,2,3,2,2,9,41,68
Ecuador,2022,F,2,3,4,4,3,11,3,4,3,3,13,3,2,2,7,31,3,4,3,3,13,3,3,3,9,2,2,2,2,8,3,2,3,2,10,40,71
Egypt,2022,NF,6,6,0,1,1,2,0,0,1,1,2,0,1,1,2,6,0,1,1,1,3,0,0,1,1,1,0,0,1,2,1,2,2,1,6,12,18
El Salvador,2022,PF,3,4,4,3,3,10,3,4,2,3,12,2,1,1,4,26,2,3,3,3,11,3,3,2,8,1,1,2,2,6,2,2,2,2,8,33,59
Equatorial Guinea,2022,NF,7,7,0,0,0,0,0,0,0,0,0,0,0,0,0,0,0,1,1,0,2,0,0,0,0,0,0,0,0,0,1,1,1,0,3,5,5
Eritrea,2022,NF,7,7,0,0,0,0,0,0,0,0,0,0,1,0,1,1,0,1,0,0,1,0,0,0,0,0,0,0,0,0,0,0,1,0,1,2,3
Estonia,2022,F,1,1,4,4,4,12,4,4,4,3,15,4,3,4,11,38,4,4,4,4,16,4,4,4,12,4,4,3,3,14,4,4,3,3,14,56,94
Eswatini,2022,NF,7,6,0,0,0,0,0,0,0,1,1,0,0,0,0,1,1,2,1,1,5,0,1,1,2,2,1,0,1,4,2,1,1,1,5,16,17
Ethiopia,2022,NF,5,6,1,1,2,4,1,1,1,1,4,1,2,1,4,12,1,1,1,1,4,1,1,1,3,1,0,0,0,1,0,1,1,1,3,11,23
Fiji,2022,PF,4,3,3,2,2,7,3,1,2,3,9,3,2,2,7,23,2,4,2,3,11,2,3,2,7,2,1,2,2,7,3,3,2,2,10,35,58
Finland,2022,F,1,1,4,4,4,12,4,4,4,4,16,4,4,4,12,40,4,4,4,4,16,4,4,4,12,4,4,4,4,16,4,4,4,4,16,60,100
France,2022,F,1,2,4,4,4,12,4,4,4,3,15,4,3,4,11,38,4,3,4,3,14,3,3,4,10,4,3,3,3,13,4,4,3,3,14,51,89
Gabon,2022,NF,7,5,0,0,0,0,1,0,0,1,2,0,1,0,1,3,1,3,1,2,7,1,1,1,3,0,1,1,1,3,2,1,1,1,5,18,21
Georgia,2022,PF,4,3,2,2,3,7,2,2,2,2,8,2,2,3,7,22,2,2,3,2,9,2,3,2,7,2,2,2,2,8,4,3,3,2,12,36,58
Germany,2022,F,1,1,4,4,4,12,4,4,4,3,15,4,4,4,12,39,4,3,4,3,14,4,4,4,12,4,4,3,3,14,4,4,4,3,15,55,94
Ghana,2022,F,2,2,4,4,4,12,3,4,3,3,13,4,3,3,10,35,3,3,4,4,14,3,4,3,10,2,3,3,2,10,3,3,3,2,11,45,80
Greece,2022,F,1,2,4,4,4,12,4,4,4,3,15,4,3,3,10,37,3,3,4,4,14,3,4,4,11,3,3,3,2,11,4,3,4,3,14,50,87
Grenada,2022,F,1,2,4,4,3,11,4,4,4,4,16,4,3,3,10,37,3,4,4,4,15,4,4,3,11,4,3,3,3,13,4,3,3,3,13,52,89
Guatemala,2022,PF,4,4,2,3,2,7,3,3,2,2,10,2,1,1,4,21,2,4,3,2,11,2,2,2,6,1,1,2,1,5,3,2,2,1,8,30,51
Guinea,2022,NF,6,5,0,0,1,1,2,2,1,2,7,0,1,1,2,10,2,3,3,2,10,1,1,2,4,1,1,1,1,4,2,2,1,1,6,24,34
Guinea-Bissau,2022,PF,5,4,2,3,2,7,3,2,1,2,8,1,1,0,2,17,1,3,3,3,10,1,2,3,6,1,0,2,2,5,2,1,1,1,5,26,43
Guyana,2022,F,2,3,3,3,3,9,4,4,3,2,13,4,2,2,8,30,3,4,4,4,15,4,4,3,11,2,2,2,2,8,3,2,2,2,9,43,73
Haiti,2022,NF,6,5,1,0,2,3,1,1,1,2,5,1,1,1,3,11,2,3,2,2,9,2,1,1,4,1,1,1,1,4,1,2,2,0,5,22,33
Honduras,2022,PF,4,4,3,2,3,8,3,3,1,2,9,2,1,1,4,21,1,4,2,2,9,2,1,2,5,1,1,1,1,4,2,2,2,2,8,26,47
Hungary,2022,PF,3,3,3,3,3,9,3,2,3,3,11,2,2,2,6,26,2,3,2,3,10,4,2,4,10,2,3,3,2,10,4,3,3,3,13,43,69
Iceland,2022,F,1,1,4,4,4,12,4,4,3,4,15,4,3,3,10,37,3,4,4,4,15,4,4,4,12,4,4,4,3,15,4,4,4,3,15,57,94
India,2022,PF,2,4,4,4,4,12,3,4,3,2,12,4,2,3,9,33,2,2,2,3,9,2,2,3,7,2,2,2,2,8,2,3,2,2,9,33,66
Indonesia,2022,PF,2,4,4,4,3,11,4,4,3,2,13,3,1,2,6,30,3,1,2,3,9,2,2,2,6,2,1,1,1,5,3,2,2,2,9,29,59
Iran,2022,NF,7,6,0,1,1,2,0,1,0,1,2,0,0,0,0,4,0,0,1,1,2,0,0,1,1,1,1,0,1,3,1,1,1,1,4,10,14
Iraq,2022,NF,5,6,2,3,3,8,3,2,1,1,7,1,0,1,2,16,1,1,1,1,4,0,2,2,4,0,0,1,0,1,1,1,1,1,4,13,29
Ireland,2022,F,1,1,4,4,4,12,4,4,4,4,16,4,3,4,11,39,4,4,4,4,16,4,4,4,12,4,4,3,3,14,4,4,4,4,16,58,97
Israel,2022,F,2,3,4,4,4,12,3,4,4,2,13,4,2,3,9,34,3,3,3,3,12,2,2,4,8,4,3,2,2,11,3,3,3,2,11,42,76
Italy,2022,F,1,1,4,4,4,12,4,4,3,3,14,4,3,3,10,36,3,4,4,4,15,4,4,4,12,4,3,3,3,13,4,3,4,3,14,54,90
Jamaica,2022,F,2,2,4,4,4,12,4,4,2,3,13,4,3,2,9,34,4,4,4,3,15,4,4,3,11,4,2,2,1,9,3,3,2,3,11,46,80
Japan,2022,F,1,1,4,4,4,12,4,4,4,4,16,4,4,4,12,40,3,4,4,4,15,4,4,4,12,4,4,4,3,15,4,4,3,3,14,56,96
Jordan,2022,NF,6,5,0,1,1,2,2,1,1,2,6,0,2,1,3,11,1,2,2,2,7,0,1,0,1,2,1,2,2,7,2,2,2,1,7,22,33
Kazakhstan,2022,NF,7,5,0,0,1,1,1,0,1,1,3,0,1,0,1,5,0,1,2,1,4,1,1,0,2,1,1,1,1,4,2,2,2,2,8,18,23
Kenya,2022,PF,4,4,1,3,2,6,2,2,2,2,8,2,1,2,5,19,2,2,3,3,10,2,2,3,7,2,1,1,1,5,2,1,2,2,7,29,48
Kiribati,2022,F,1,1,4,4,4,12,4,4,4,3,15,4,3,3,10,37,4,4,4,4,16,4,4,4,12,4,4,4,3,15,4,3,3,3,13,56,93
Kosovo,2022,PF,3,4,3,3,3,9,3,4,2,2,11,2,1,2,5,25,2,2,2,3,9,3,3,2,8,1,1,2,2,6,3,1,2,2,8,31,56
Kuwait,2022,PF,5,5,0,2,1,3,2,2,2,1,7,1,1,2,4,14,1,2,2,1,6,1,2,1,4,1,2,2,2,7,2,1,2,1,6,23,37
Kyrgyzstan,2022,NF,7,5,0,1,1,2,1,1,0,1,3,0,0,0,0,4,2,2,3,3,10,1,1,2,4,0,0,1,1,2,2,2,2,1,7,23,27
Laos,2022,NF,7,6,0,0,0,0,0,0,0,0,0,0,1,1,2,2,0,1,1,1,3,0,0,0,0,0,0,1,1,2,2,1,2,1,6,11,13
Latvia,2022,F,1,2,4,4,4,12,4,4,4,3,15,4,3,3,10,37,3,4,3,4,14,4,4,4,12,3,3,3,2,11,4,4,3,3,14,51,88
Lebanon,2022,PF,5,4,1,2,2,5,3,1,1,2,7,1,0,0,1,13,2,3,3,2,10,3,3,2,8,1,1,2,1,5,1,2,2,1,6,29,42
Lesotho,2022,PF,3,3,3,4,3,10,3,3,2,3,11,2,2,2,6,27,2,4,3,3,12,2,3,2,7,2,2,2,2,8,3,2,2,2,9,36,63
Liberia,2022,PF,3,4,3,3,2,8,3,3,3,3,12,3,2,2,7,27,2,3,3,3,11,2,3,2,7,1,1,2,2,6,3,2,2,2,9,33,60
Libya,2022,NF,7,6,0,0,0,0,1,0,0,0,1,0,0,0,0,1,1,1,1,1,4,1,1,0,2,0,0,0,0,0,0,1,1,0,2,8,9
Liechtenstein,2022,F,2,1,2,4,4,10,4,3,3,3,13,2,4,4,10,33,4,4,4,4,16,4,4,4,12,3,4,4,3,14,4,4,3,4,15,57,90
Lithuania,2022,F,1,2,4,4,4,12,4,4,4,4,16,4,3,3,10,38,3,4,4,4,15,4,4,3,11,3,3,3,2,11,4,4,3,3,14,51,89
Luxembourg,2022,F,1,1,4,4,4,12,4,4,4,4,16,4,3,3,10,38,4,4,4,4,16,4,4,4,12,4,4,4,3,15,4,4,4,4,16,59,97
Madagascar,2022,PF,3,4,3,3,3,9,3,3,3,2,11,3,2,2,7,27,2,3,3,3,11,2,3,3,8,2,1,2,2,7,3,2,2,1,8,34,61
Malawi,2022,PF,3,3,3,3,3,9,3,3,3,3,12,3,2,3,8,29,2,4,4,3,13,3,2,3,8,3,2,2,2,9,2,2,1,2,7,37,66
Malaysia,2022,PF,4,4,2,2,2,6,2,3,2,2,9,1,2,2,5,20,2,1,2,3,8,2,2,2,6,2,2,2,1,7,3,3,2,1,9,30,50
Maldives,2022,PF,4,5,2,3,2,7,3,2,2,1,8,2,1,1,4,19,1,0,1,1,3,2,1,2,5,1,1,2,2,6,2,2,1,2,7,21,40
Mali,2022,NF,6,5,0,0,1,1,2,1,0,2,5,0,1,1,2,8,2,2,3,3,10,2,2,2,6,2,1,0,1,4,1,1,1,1,4,24,32
Malta,2022,F,2,1,4,4,4,12,3,4,3,4,14,4,2,3,9,35,3,4,4,3,14,4,4,4,12,4,4,3,3,14,4,4,3,3,14,54,89
Marshall Islands,2022,F,1,1,4,4,4,12,4,4,4,4,16,4,3,3,10,38,4,4,4,4,16,4,4,3,11,4,4,4,3,15,4,3,3,3,13,55,93
Mauritania,2022,PF,5,5,2,2,2,6,2,1,1,0,4,1,2,1,4,14,2,2,3,2,9,1,1,2,4,1,1,1,1,4,1,2,1,0,4,21,35
Mauritius,2022,F,1,2,4,4,3,11,4,4,4,3,15,4,3,3,10,36,3,4,4,3,14,4,4,3,11,3,4,3,3,13,4,3,3,2,12,50,86
Mexico,2022,PF,3,4,3,3,3,9,4,4,2,3,13,2,1,2,5,27,2,4,3,3,12,3,2,2,7,2,1,1,1,5,3,2,2,2,9,33,60
Micronesia,2022,F,1,1,4,4,4,12,4,4,4,3,15,4,3,3,10,37,4,4,4,4,16,4,4,3,11,4,4,4,3,15,4,3,3,3,13,55,92
Moldova,2022,PF,3,3,4,3,3,10,3,4,2,3,12,3,1,1,5,27,2,3,3,4,12,3,3,2,8,1,1,2,2,6,3,2,2,2,9,35,62
Monaco,2022,F,3,1,0,4,4,8,3,2,2,3,10,2,3,4,9,27,4,4,4,4,16,4,4,4,12,3,4,4,3,14,4,3,4,4,15,57,84
Mongolia,2022,F,1,2,4,4,3,11,4,4,4,4,16,4,2,3,9,36,3,4,4,3,14,4,4,3,11,2,3,3,3,11,4,3,3,2,12,48,84
Montenegro,2022,PF,3,3,3,3,3,9,3,3,2,3,11,3,1,2,6,26,3,3,3,3,12,3,3,3,9,2,1,3,3,9,3,2,3,3,11,41,67
Morocco,2022,PF,5,5,1,2,2,5,2,1,1,1,5,1,1,1,3,13,1,2,2,2,7,1,2,2,5,1,1,2,1,5,2,2,2,1,7,24,37
Mozambique,2022,PF,5,4,1,1,1,3,2,1,2,2,7,1,1,2,4,14,2,3,2,2,9,2,2,2,6,2,2,0,2,6,2,2,2,2,8,29,43
Myanmar,2022,NF,7,6,0,0,0,0,1,1,0,1,3,0,1,0,1,0,1,1,0,1,3,0,1,1,2,0,0,0,0,0,1,1,1,1,4,9,9
Namibia,2022,F,2,2,4,4,3,11,3,3,3,3,12,3,3,2,8,31,3,4,4,3,14,3,4,4,11,3,3,3,2,11,3,3,2,2,10,46,77
Nauru,2022,F,2,3,4,4,4,12,4,3,4,3,14,3,3,2,8,34,2,4,4,3,13,3,3,3,9,2,2,3,2,9,3,3,3,3,12,43,77
Nepal,2022,PF,3,4,3,4,3,10,3,3,2,2,10,3,1,1,5,25,2,2,3,3,10,3,2,2,7,3,1,2,1,7,3,2,2,1,8,32,57
Netherlands,2022,F,1,1,4,4,4,12,4,4,4,4,16,4,4,3,11,39,4,4,4,4,16,4,4,4,12,4,4,4,3,15,4,4,4,3,15,58,97
New Zealand,2022,F,1,1,4,4,4,12,4,4,4,4,16,4,4,4,12,40,4,4,4,4,16,4,4,4,12,4,4,4,3,15,4,4,4,4,16,59,99
Nicaragua,2022,NF,7,5,0,0,0,0,0,0,1,2,3,0,1,1,2,5,0,2,2,1,5,0,0,2,2,1,0,1,1,3,2,2,2,2,8,18,23
Niger,2022,PF,4,4,3,3,2,8,2,2,2,3,9,2,2,2,6,23,2,2,3,3,10,2,2,2,6,1,2,1,2,6,2,2,1,1,6,28,51
Nigeria,2022,PF,4,5,2,2,2,6,3,3,1,2,9,2,1,2,5,20,2,1,3,3,9,1,2,3,6,2,1,0,1,4,1,1,1,1,4,23,43
North Korea,2022,NF,7,7,0,0,0,0,0,0,0,0,0,0,0,0,0,0,0,0,0,0,0,0,0,0,0,0,0,0,0,0,0,1,1,1,3,3,3
North Macedonia,2022,PF,3,3,3,3,3,9,4,3,2,3,12,3,2,2,7,28,3,3,3,3,12,3,3,2,8,2,2,3,2,9,3,3,2,2,10,39,67
Norway,2022,F,1,1,4,4,4,12,4,4,4,4,16,4,4,4,12,40,4,4,4,4,16,4,4,4,12,4,4,4,4,16,4,4,4,4,16,60,100
Oman,2022,NF,6,5,0,1,1,2,0,0,1,1,2,0,2,0,2,6,1,2,1,1,5,1,1,2,4,0,1,2,1,4,1,2,1,1,5,18,24
Pakistan,2022,PF,5,5,1,2,2,5,2,2,1,1,6,1,1,2,4,15,1,1,2,2,6,3,1,2,6,1,1,1,1,4,2,2,1,1,6,22,37
Palau,2022,F,1,1,4,4,4,12,4,4,4,3,15,4,3,3,10,37,4,4,4,4,16,4,4,3,11,4,4,4,3,15,4,3,3,3,13,55,92
Panama,2022,F,2,2,4,4,4,12,4,4,4,3,15,4,2,2,8,35,3,4,4,4,15,4,4,3,11,2,2,3,3,10,4,3,3,2,12,48,83
Papua New Guinea,2022,PF,4,3,3,2,2,7,4,4,2,3,13,2,0,1,3,23,3,4,3,4,14,3,4,3,10,3,1,1,2,7,2,2,2,2,8,39,62
Paraguay,2022,PF,3,3,3,4,3,10,3,4,3,2,12,2,2,2,6,28,2,4,3,3,12,3,3,2,8,2,1,2,2,7,3,3,2,2,10,37,65
Peru,2022,F,2,3,3,4,3,10,4,4,3,2,13,3,2,2,7,30,3,4,4,4,15,3,3,2,8,2,2,2,2,8,4,3,2,2,11,42,72
Philippines,2022,PF,3,4,3,3,3,9,3,2,2,3,10,3,1,2,6,25,1,4,3,3,11,2,2,2,6,1,0,1,1,3,3,2,3,2,10,30,55
Poland,2022,F,2,2,3,4,3,10,4,4,4,4,16,3,3,2,8,34,3,4,3,3,13,3,3,4,10,1,3,4,2,10,4,4,3,3,14,47,81
Portugal,2022,F,1,1,4,4,4,12,4,4,4,4,16,4,3,4,11,39,4,4,4,4,16,3,4,4,11,4,4,3,3,14,4,4,4,3,15,56,95
Qatar,2022,NF,6,5,0,1,1,2,0,0,1,1,2,0,2,1,3,7,1,2,2,2,7,1,0,1,2,1,1,3,0,5,1,1,1,1,4,18,25
Romania,2022,F,2,2,4,4,4,12,4,4,3,3,14,4,2,3,9,35,3,3,3,4,13,4,4,3,11,3,3,3,3,12,4,2,3,3,12,48,83
Russia,2022,NF,7,6,0,0,0,0,1,0,1,1,3,0,1,1,2,5,0,1,1,1,3,0,0,2,2,1,1,0,0,2,2,1,2,2,7,14,19
Rwanda,2022,NF,6,6,0,1,1,2,1,0,0,1,2,1,2,1,4,8,0,2,1,0,3,0,1,1,2,0,1,0,1,2,2,2,2,1,7,14,22
Samoa,2022,F,2,2,3,3,3,9,4,4,3,3,14,3,3,3,9,32,3,3,4,4,14,4,3,4,11,4,3,4,3,14,3,3,3,3,12,51,83
San Marino,2022,F,1,1,4,4,4,12,4,4,4,3,15,4,3,4,11,38,3,4,4,4,15,4,4,4,12,3,3,4,3,13,4,4,3,4,15,55,93
Sao Tome and Principe,2022,F,2,2,4,4,3,11,4,4,3,4,15,4,2,3,9,35,3,4,4,4,15,4,4,3,11,3,3,3,3,12,4,3,2,2,11,49,84
Saudi Arabia,2022,NF,7,7,0,0,0,0,0,0,0,0,0,0,1,0,1,1,0,0,1,1,2,0,0,0,0,1,1,0,0,2,0,1,0,1,2,6,7
Senegal,2022,PF,3,3,3,3,3,9,3,3,3,3,12,3,2,3,8,29,2,4,4,3,13,1,3,3,7,2,2,2,2,8,3,3,3,2,11,39,68
Serbia,2022,PF,4,3,3,2,2,7,3,1,2,3,9,2,1,2,5,21,2,4,3,3,12,3,2,3,8,2,2,3,2,9,4,3,3,2,12,41,62
Seychelles,2022,F,2,2,4,4,4,12,4,4,3,2,13,4,3,2,9,34,3,4,4,3,14,3,3,3,9,2,3,3,3,11,3,3,2,3,11,45,79
Sierra Leone,2022,PF,3,3,3,3,4,10,2,3,3,3,11,3,1,3,7,28,2,4,3,3,12,2,2,2,6,2,2,3,2,9,3,3,2,2,10,37,65
Singapore,2022,PF,4,4,1,2,1,4,2,2,2,2,8,2,3,2,7,19,1,3,1,2,7,1,1,1,3,1,2,2,2,7,2,3,3,3,11,28,47
Slovakia,2022,F,1,1,4,4,4,12,4,4,4,3,15,4,3,3,10,37,3,4,4,4,15,4,4,4,12,3,3,3,3,12,4,4,3,3,14,53,90
Slovenia,2022,F,1,2,4,4,4,12,4,4,4,4,16,4,3,3,10,38,2,4,4,4,14,3,3,4,10,3,4,4,3,14,4,4,3,3,14,52,90
Solomon Islands,2022,F,2,2,3,3,3,9,4,4,3,3,14,3,3,1,7,30,4,4,4,4,16,3,4,3,10,4,2,3,2,11,3,3,3,3,12,49,79
Somalia,2022,NF,7,7,0,0,0,0,1,0,0,0,1,0,0,0,0,1,1,0,1,1,3,1,1,1,3,0,0,0,0,0,0,0,0,0,0,6,7
South Africa,2022,F,2,2,4,4,4,12,3,3,3,4,13,3,2,3,8,33,3,4,4,4,15,4,4,4,12,3,2,2,2,9,3,3,2,2,10,46,79
South Korea,2022,F,2,2,4,4,3,11,3,4,3,3,13,4,3,2,9,33,3,4,3,4,14,4,3,4,11,3,3,3,3,12,4,3,3,3,13,50,83
South Sudan,2022,NF,7,7,0,0,0,0,1,0,0,0,1,0,0,0,0,-3,0,1,1,0,2,1,0,1,2,0,0,0,0,0,0,0,0,0,0,4,1
Spain,2022,F,1,1,4,4,4,12,4,4,4,4,16,3,3,3,9,37,3,4,4,3,14,3,4,4,11,3,3,4,3,13,4,4,4,3,15,53,90
Sri Lanka,2022,PF,4,4,3,3,3,9,3,3,2,2,10,2,1,2,5,23,2,2,2,2,8,3,3,3,9,3,1,2,1,7,2,2,2,2,8,32,55
St. Kitts and Nevis,2022,F,2,1,4,3,3,10,4,4,4,3,15,4,3,3,10,35,4,4,4,4,16,4,4,4,12,4,3,3,3,13,4,3,3,3,13,54,89
St. Lucia,2022,F,1,1,4,4,3,11,4,4,4,4,16,4,3,4,11,38,3,4,4,4,15,4,4,4,12,4,3,3,3,13,4,4,3,3,14,54,92
St. Vincent and the Grenadines,2022,F,1,1,4,4,3,11,4,4,4,3,15,4,3,3,10,36,3,4,4,4,15,4,4,4,12,4,3,4,3,14,4,4,3,3,14,55,91
Sudan,2022,NF,7,6,0,0,0,0,1,0,0,1,2,0,0,0,0,0,1,2,1,1,5,0,2,0,2,0,0,0,0,0,1,1,1,0,3,10,10
Suriname,2022,F,2,2,4,4,3,11,4,4,3,3,14,4,2,3,9,34,3,4,4,4,15,4,4,3,11,2,2,3,2,9,3,2,3,2,10,45,79
Sweden,2022,F,1,1,4,4,4,12,4,4,4,4,16,4,4,4,12,40,4,4,4,4,16,4,4,4,12,4,4,4,4,16,4,4,4,4,16,60,100
Switzerland,2022,F,1,1,4,4,4,12,4,4,4,3,15,4,4,4,12,39,4,3,4,4,15,4,4,4,12,4,4,4,3,15,4,4,4,3,15,57,96
Syria,2022,NF,7,7,0,0,0,0,0,0,0,0,0,0,0,0,0,-3,0,2,0,1,3,0,0,0,0,0,0,0,0,0,0,0,1,0,1,4,1
Taiwan,2022,F,1,1,4,4,4,12,4,4,3,4,15,4,3,4,11,38,4,4,4,4,16,4,4,3,11,4,4,4,3,15,4,3,4,3,14,56,94
Tajikistan,2022,NF,7,6,0,0,0,0,0,0,0,0,0,0,0,0,0,0,0,0,0,1,1,0,1,1,2,0,0,0,1,1,1,1,1,1,4,8,8
Tanzania,2022,PF,5,5,1,1,1,3,1,1,1,2,5,1,2,1,4,12,1,3,2,1,7,1,1,2,4,1,1,1,1,4,2,2,1,2,7,22,34
Thailand,2022,NF,7,5,0,1,0,1,1,0,0,1,2,0,1,1,2,5,1,3,1,1,6,1,1,1,3,1,1,1,2,5,3,2,3,2,10,24,29
The Gambia,2022,PF,4,4,3,3,2,8,2,3,2,2,9,2,1,1,4,21,2,2,2,2,8,2,2,2,6,2,1,2,1,6,2,2,1,1,6,26,47
Timor-Leste,2022,F,2,3,4,4,3,11,4,4,3,3,14,4,2,2,8,33,3,3,4,4,14,3,3,2,8,2,1,3,2,8,3,2,2,2,9,39,72
Togo,2022,PF,5,4,1,2,1,4,2,1,1,2,6,2,1,2,5,15,2,3,2,2,9,1,2,2,5,2,1,2,1,6,2,2,1,2,7,27,42
Tonga,2022,F,2,2,3,3,3,9,4,4,3,3,14,3,2,2,7,30,2,4,4,4,14,4,3,3,10,3,3,3,3,12,4,3,3,3,13,49,79
Trinidad and Tobago,2022,F,2,2,4,4,3,11,3,4,3,3,13,4,2,3,9,33,4,4,4,4,16,4,4,3,11,3,2,2,2,9,4,3,3,3,13,49,82
Tunisia,2022,PF,3,3,3,2,4,9,3,4,3,3,13,1,1,2,4,26,2,3,3,4,12,2,2,3,7,2,2,3,2,9,3,2,3,2,10,38,64
Turkey,2022,NF,5,6,2,2,1,5,2,2,3,1,8,2,1,0,3,16,1,2,1,1,5,1,1,1,3,1,0,1,1,3,1,1,2,1,5,16,32
Turkmenistan,2022,NF,7,7,0,0,0,0,0,0,0,0,0,0,0,0,0,0,0,0,0,0,0,0,0,0,0,0,0,0,0,0,0,1,1,0,2,2,2
Tuvalu,2022,F,1,1,4,4,4,12,4,4,4,3,15,4,3,3,10,37,4,4,4,4,16,4,4,4,12,4,4,4,3,15,4,3,3,3,13,56,93
Uganda,2022,NF,6,5,1,1,1,3,1,1,1,2,5,1,1,1,3,11,1,3,2,2,8,1,1,2,4,1,1,1,1,4,3,2,1,1,7,23,34
Ukraine,2022,PF,3,3,4,3,2,9,3,4,2,3,12,3,1,1,5,26,2,3,3,3,11,3,2,3,8,1,1,2,2,6,3,2,3,2,10,35,61
United Arab Emirates,2022,NF,7,6,0,1,0,1,0,0,1,1,2,0,2,0,2,5,0,1,1,1,3,1,0,1,2,0,1,1,1,3,1,1,1,1,4,12,17
United Kingdom,2022,F,1,1,4,4,4,12,4,4,4,4,16,4,3,4,11,39,4,4,3,3,14,4,4,4,12,4,3,3,3,13,4,4,4,3,15,54,93
United States,2022,F,2,2,3,4,3,10,4,4,2,3,13,3,3,3,9,32,3,4,3,4,14,4,4,3,11,3,3,3,2,11,4,4,4,3,15,51,83
Uruguay,2022,F,1,1,4,4,4,12,4,4,4,4,16,4,4,4,12,40,4,4,4,4,16,4,4,4,12,4,3,3,4,14,4,4,4,3,15,57,97
Uzbekistan,2022,NF,7,6,0,0,1,1,0,0,0,0,0,0,0,1,1,2,1,0,1,1,3,0,1,0,1,0,0,1,0,1,1,1,1,1,4,9,11
Vanuatu,2022,F,2,2,3,4,3,10,4,4,4,3,15,3,2,3,8,33,2,4,4,4,14,4,4,3,11,4,3,3,3,13,4,3,2,2,11,49,82
Venezuela,2022,NF,7,6,0,0,0,0,0,0,0,1,1,0,0,0,0,1,1,3,1,1,6,0,1,1,2,0,0,0,1,1,1,1,2,0,4,13,14
Vietnam,2022,NF,7,6,0,0,0,0,0,0,0,1,1,0,1,1,2,3,0,1,1,1,3,1,0,0,1,1,1,1,1,4,2,1,3,2,8,16,19
Yemen,2022,NF,7,6,0,0,0,0,1,0,0,0,1,0,0,0,0,1,0,1,0,1,2,1,1,1,3,1,0,0,0,1,0,1,1,0,2,8,9
Zambia,2022,PF,4,4,2,2,2,6,2,3,3,3,11,2,1,1,4,21,1,3,2,2,8,1,2,3,6,2,2,2,2,8,3,2,2,1,8,30,51
Zimbabwe,2022,NF,6,5,1,1,1,3,2,1,1,1,5,1,1,1,3,11,1,3,2,1,7,1,1,1,3,1,0,0,1,2,2,1,1,1,5,17,28
Afghanistan,2021,NF,5,6,1,1,1,3,2,2,1,2,7,1,1,1,3,13,2,1,1,2,6,2,1,1,4,1,0,0,1,2,0,1,0,1,2,14,27
Albania,2021,PF,3,3,3,3,2,8,3,3,3,3,12,3,2,2,7,27,2,4,3,4,13,3,3,2,8,2,2,2,3,9,3,2,2,2,9,39,66
Algeria,2021,NF,6,5,1,1,1,3,1,1,1,1,4,1,1,1,3,10,1,1,2,2,6,1,1,1,3,1,1,2,2,6,2,2,2,1,7,22,32
Andorra,2021,F,1,1,4,4,4,12,4,4,4,3,15,3,4,4,11,38,3,3,4,4,14,4,4,3,11,4,4,4,3,15,4,4,3,4,15,55,93
Angola,2021,NF,6,5,0,2,1,3,1,1,1,2,5,1,1,0,2,10,1,2,2,2,7,2,2,2,6,1,1,1,2,5,1,1,1,0,3,21,31
Antigua and Barbuda,2021,F,2,2,4,4,4,12,3,4,3,3,13,3,2,3,8,33,3,4,4,4,15,4,3,3,10,4,3,4,3,14,4,3,3,3,13,52,85
Argentina,2021,F,2,2,4,4,3,11,4,4,4,4,16,3,2,3,8,35,3,4,4,4,15,4,4,3,11,2,3,2,3,10,3,3,4,3,13,49,84
Armenia,2021,PF,4,4,2,2,2,6,3,3,2,2,10,2,2,2,6,22,2,2,2,3,9,3,3,2,8,1,1,2,2,6,3,3,2,2,10,33,55
Australia,2021,F,1,1,4,4,4,12,4,4,4,4,16,4,4,4,12,40,3,4,4,4,15,4,4,4,12,4,4,4,3,15,4,4,4,3,15,57,97
Austria,2021,F,1,1,4,4,4,12,4,4,4,3,15,4,3,3,10,37,3,3,4,4,14,4,4,4,12,4,4,4,3,15,4,4,4,3,15,56,93
Azerbaijan,2021,NF,7,6,0,0,0,0,1,0,1,0,2,0,0,0,0,2,0,0,1,1,2,0,0,1,1,0,0,0,0,0,1,1,2,1,5,8,10
Bahamas,2021,F,1,1,4,4,4,12,4,4,4,4,16,4,3,3,10,38,3,4,4,4,15,4,4,4,12,4,3,4,2,13,3,4,3,3,13,53,91
Bahrain,2021,NF,7,6,0,1,1,2,0,0,0,0,0,0,2,0,2,2,0,1,0,1,2,0,0,1,1,0,1,0,0,1,1,2,2,1,6,10,12
Bangladesh,2021,PF,5,5,1,1,2,4,2,1,2,2,7,1,1,2,4,15,1,2,1,2,6,2,2,1,5,1,1,1,1,4,3,2,2,2,9,24,39
Barbados,2021,F,1,1,4,4,4,12,4,4,4,4,16,4,3,3,10,38,4,4,4,4,16,4,4,4,12,4,4,3,3,14,4,4,3,4,15,57,95
Belarus,2021,NF,7,6,0,0,0,0,0,0,0,1,1,0,1,0,1,2,0,1,0,1,2,0,1,0,1,0,0,0,1,1,1,1,2,1,5,9,11
Belgium,2021,F,1,1,4,4,4,12,4,4,4,4,16,4,3,4,11,39,4,3,4,4,15,4,4,4,12,4,4,4,3,15,4,4,4,3,15,57,96
Belize,2021,F,2,1,4,4,4,12,4,4,4,2,14,4,2,2,8,34,4,4,4,4,16,4,4,3,11,4,3,3,3,13,4,3,3,3,13,53,87
Benin,2021,PF,4,2,3,1,1,5,2,1,3,3,9,2,2,3,7,21,2,4,4,4,14,2,4,3,9,2,3,3,3,11,3,3,2,2,10,44,65
Bhutan,2021,PF,2,4,3,4,3,10,3,4,3,2,12,3,3,3,9,30,2,2,2,3,9,2,2,1,5,3,2,2,1,8,2,3,2,2,9,31,61
Bolivia,2021,PF,3,3,4,4,2,10,3,2,2,3,10,3,2,2,7,27,2,4,4,4,14,3,3,3,9,1,1,2,2,6,3,2,3,2,10,39,66
Bosnia and Herzegovina,2021,PF,4,4,2,2,2,6,3,2,2,2,9,2,1,1,4,19,2,3,2,3,10,3,2,2,7,1,2,2,2,7,3,2,3,2,10,34,53
Botswana,2021,F,3,2,3,4,3,10,3,2,3,2,10,3,3,2,8,28,2,4,3,3,12,4,4,2,10,3,3,3,2,11,3,3,2,3,11,44,72
Brazil,2021,F,2,3,3,3,4,10,4,4,3,3,14,3,2,2,7,31,3,4,4,3,14,3,3,3,9,3,2,1,2,8,4,3,3,2,12,43,74
Brunei,2021,NF,6,5,0,0,0,0,1,0,1,1,3,0,3,1,4,7,1,1,2,2,6,1,1,1,3,1,2,1,1,5,2,2,1,2,7,21,28
Bulgaria,2021,F,2,2,4,4,3,11,4,4,3,3,14,3,2,3,8,33,2,3,4,4,13,4,4,3,11,3,2,3,2,10,3,3,3,2,11,45,78
Burkina Faso,2021,PF,4,4,2,2,3,7,2,3,2,3,10,2,2,2,6,23,2,3,3,3,11,3,2,3,8,2,1,0,2,5,1,2,2,2,7,31,54
Burundi,2021,NF,7,6,1,0,0,1,1,0,0,2,3,0,0,0,0,4,0,3,1,0,4,0,0,1,1,0,0,0,1,1,1,1,1,1,4,10,14
Cabo Verde,2021,F,1,1,4,4,4,12,4,4,4,4,16,4,3,3,10,38,4,4,4,4,16,4,4,3,11,4,3,4,3,14,4,3,3,3,13,54,92
Cambodia,2021,NF,7,5,0,0,1,1,0,0,1,1,2,0,1,1,2,5,1,3,2,1,7,1,1,1,3,0,1,1,1,3,2,1,2,1,6,19,24
Cameroon,2021,NF,6,6,0,1,0,1,1,0,1,1,3,1,1,1,3,7,0,2,1,1,4,0,1,1,2,0,0,0,0,0,0,1,1,1,3,9,16
Canada,2021,F,1,1,4,4,4,12,4,4,4,4,16,4,4,4,12,40,4,3,4,4,15,4,4,4,12,4,4,4,3,15,4,4,4,4,16,58,98
Central African Republic,2021,NF,7,7,0,1,1,2,1,1,0,0,2,0,0,0,0,3,1,0,2,1,4,0,0,1,1,1,0,0,0,1,0,0,0,0,0,6,9
Chad,2021,NF,7,6,1,0,0,1,1,0,0,0,1,1,0,0,1,3,1,1,2,2,6,1,1,2,4,0,1,0,0,1,1,1,0,1,3,14,17
Chile,2021,F,1,1,4,4,4,12,4,4,4,3,15,4,3,4,11,38,4,4,4,4,16,3,4,4,11,4,4,2,3,13,4,4,4,3,15,55,93
China,2021,NF,7,6,0,0,0,0,0,0,0,0,0,0,1,0,1,-2,0,0,0,1,1,1,0,1,2,1,1,0,0,2,1,1,2,2,6,11,9
Colombia,2021,PF,3,3,4,3,3,10,3,3,2,3,11,3,2,3,8,29,2,4,3,3,12,2,2,2,6,3,2,2,2,9,2,2,3,2,9,36,65
Comoros,2021,PF,5,4,1,2,2,5,2,1,2,2,7,2,1,1,4,16,1,2,3,2,8,1,2,3,6,1,1,2,2,6,2,2,1,1,6,26,42
Congo (Brazzaville),2021,NF,7,5,0,0,0,0,1,0,0,1,2,0,0,0,0,2,1,3,1,2,7,1,1,2,4,0,1,0,0,1,2,2,1,1,6,18,20
Congo (Kinshasa),2021,NF,7,6,0,1,0,1,1,0,0,1,2,0,1,1,2,5,1,3,2,1,7,1,1,1,3,1,0,0,0,1,1,1,1,1,4,15,20
Costa Rica,2021,F,1,1,4,4,4,12,4,4,4,3,15,4,3,4,11,38,4,4,4,4,16,4,4,3,11,4,3,3,3,13,4,3,3,3,13,53,91
Cote d'Ivoire,2021,PF,5,4,2,2,1,5,2,2,1,2,7,2,1,1,4,16,2,3,2,2,9,1,2,3,6,1,1,2,2,6,2,2,1,2,7,28,44
Croatia,2021,F,1,2,4,4,4,12,4,4,3,3,14,4,3,3,10,36,3,3,3,4,13,4,4,4,12,3,3,3,2,11,4,3,3,3,13,49,85
Cuba,2021,NF,7,6,0,0,0,0,0,0,0,0,0,0,1,0,1,1,0,3,0,1,4,0,0,0,0,0,0,1,1,2,1,1,3,1,6,12,13
Cyprus,2021,F,1,1,4,4,4,12,4,4,4,3,15,4,3,4,11,38,4,4,3,4,15,4,4,4,12,4,4,4,3,15,3,4,4,3,14,56,94
Czech Republic,2021,F,1,1,4,4,4,12,4,4,4,3,15,4,2,3,9,36,3,3,4,4,14,4,4,4,12,3,4,4,3,14,4,4,4,3,15,55,91
Denmark,2021,F,1,1,4,4,4,12,4,4,4,4,16,4,4,4,12,40,4,4,4,4,16,4,4,4,12,4,3,4,3,14,4,4,3,4,15,57,97
Djibouti,2021,NF,7,5,0,1,1,2,1,0,1,1,3,0,0,0,0,5,0,2,2,2,6,0,1,2,3,0,2,1,1,4,2,2,1,1,6,19,24
Dominica,2021,F,1,1,4,4,3,11,4,4,4,4,16,4,3,3,10,37,3,4,4,4,15,3,4,4,11,4,4,4,3,15,4,4,3,4,15,56,93
Dominican Republic,2021,PF,3,3,3,3,3,9,3,3,3,1,10,3,2,2,7,26,2,4,4,4,14,3,4,3,10,3,2,2,1,8,2,3,2,2,9,41,67
Ecuador,2021,PF,3,3,3,3,2,8,3,3,3,3,12,3,2,2,7,27,3,4,3,3,13,3,3,3,9,2,2,2,2,8,3,2,3,2,10,40,67
Egypt,2021,NF,6,6,0,1,1,2,0,0,1,1,2,0,1,1,2,6,0,1,1,1,3,0,0,1,1,1,0,0,1,2,1,2,2,1,6,12,18
El Salvador,2021,PF,2,4,4,3,4,11,4,4,2,3,13,2,2,2,6,30,2,3,3,3,11,3,3,2,8,2,2,1,2,7,1,2,2,2,7,33,63
Equatorial Guinea,2021,NF,7,7,0,0,0,0,0,0,0,0,0,0,0,0,0,0,0,1,1,0,2,0,0,0,0,0,0,0,0,0,1,1,1,0,3,5,5
Eritrea,2021,NF,7,7,0,0,0,0,0,0,0,0,0,0,1,0,1,1,0,0,0,0,0,0,0,0,0,0,0,0,0,0,0,0,1,0,1,1,2
Estonia,2021,F,1,1,4,4,4,12,4,4,4,3,15,4,3,4,11,38,4,4,4,4,16,4,4,4,12,4,4,3,3,14,4,4,3,3,14,56,94
Eswatini,2021,NF,7,5,0,0,0,0,0,0,0,1,1,0,0,0,0,1,1,2,1,1,5,1,1,1,3,2,1,1,1,5,2,1,1,1,5,18,19
Ethiopia,2021,NF,6,6,0,0,2,2,1,1,1,1,4,0,2,1,3,9,1,1,1,1,4,1,2,1,4,1,0,0,1,2,0,1,1,1,3,13,22
Fiji,2021,PF,3,3,3,2,3,8,3,1,2,3,9,3,2,2,7,24,2,4,3,3,12,2,3,2,7,2,1,2,2,7,3,3,2,2,10,36,60
Finland,2021,F,1,1,4,4,4,12,4,4,4,4,16,4,4,4,12,40,4,4,4,4,16,4,4,4,12,4,4,4,4,16,4,4,4,4,16,60,100
France,2021,F,1,2,4,4,4,12,4,4,4,3,15,4,3,4,11,38,4,3,4,3,14,3,4,4,11,4,3,3,3,13,4,4,3,3,14,52,90
Gabon,2021,NF,7,5,0,0,0,0,1,0,0,1,2,0,1,0,1,3,1,3,2,2,8,1,1,1,3,0,1,1,1,3,2,1,1,1,5,19,22
Georgia,2021,PF,4,3,2,2,3,7,2,3,2,2,9,2,2,3,7,23,2,2,3,3,10,2,3,2,7,2,2,2,2,8,4,3,3,2,12,37,60
Germany,2021,F,1,1,4,4,4,12,4,4,4,3,15,4,4,4,12,39,4,3,4,3,14,4,4,4,12,4,4,3,3,14,4,4,4,3,15,55,94
Ghana,2021,F,2,2,4,4,4,12,3,4,3,3,13,4,3,3,10,35,3,3,4,4,14,4,4,3,11,2,3,3,3,11,3,3,3,2,11,47,82
Greece,2021,F,1,2,4,4,4,12,4,4,4,3,15,4,3,3,10,37,3,3,4,4,14,3,4,4,11,3,3,3,2,11,4,3,4,3,14,50,87
Grenada,2021,F,1,2,4,4,3,11,4,4,4,4,16,4,3,3,10,37,3,4,4,4,15,4,4,3,11,4,3,3,3,13,4,3,3,3,13,52,89
Guatemala,2021,PF,4,4,2,3,2,7,3,3,2,2,10,2,1,1,4,21,2,4,3,2,11,2,2,2,6,2,1,2,1,6,3,2,2,1,8,31,52
Guinea,2021,PF,5,5,2,1,1,4,2,2,1,2,7,1,1,1,3,14,2,3,3,2,10,1,1,2,4,1,1,1,1,4,2,2,1,1,6,24,38
Guinea-Bissau,2021,PF,5,4,2,3,2,7,3,2,1,2,8,1,1,0,2,17,1,3,3,3,10,1,3,3,7,1,0,2,2,5,2,1,1,1,5,27,44
Guyana,2021,F,2,3,3,3,3,9,4,4,3,2,13,4,2,2,8,30,3,4,4,4,15,4,4,3,11,2,2,2,2,8,3,2,2,2,9,43,73
Haiti,2021,PF,5,5,2,0,2,4,2,1,2,2,7,1,1,2,4,15,2,3,2,3,10,1,1,1,3,1,1,1,1,4,1,2,2,0,5,22,37
Honduras,2021,PF,4,5,2,3,2,7,3,2,1,2,8,2,1,1,4,19,1,4,2,2,9,1,1,2,4,1,1,1,1,4,2,2,2,2,8,25,44
Hungary,2021,PF,3,3,3,3,3,9,3,2,3,3,11,2,2,2,6,26,2,3,2,3,10,4,2,4,10,2,3,3,2,10,4,3,3,3,13,43,69
Iceland,2021,F,1,1,4,4,4,12,4,4,3,4,15,4,3,3,10,37,3,4,4,4,15,4,4,4,12,4,4,4,3,15,4,4,4,3,15,57,94
India,2021,PF,2,4,4,4,4,12,4,4,3,2,13,4,2,3,9,34,2,2,2,3,9,2,2,3,7,2,2,2,2,8,2,3,2,2,9,33,67
Indonesia,2021,PF,2,4,4,4,3,11,4,4,3,2,13,3,1,2,6,30,3,1,2,3,9,2,2,2,6,2,1,1,1,5,3,2,2,2,9,29,59
Iran,2021,NF,6,6,1,1,1,3,0,1,0,1,2,1,0,0,1,6,0,0,1,1,2,0,0,1,1,1,1,0,1,3,1,1,1,1,4,10,16
Iraq,2021,NF,5,6,2,3,3,8,3,2,1,1,7,1,0,1,2,16,1,1,1,1,4,0,2,2,4,0,0,1,0,1,1,1,1,1,4,13,29
Ireland,2021,F,1,1,4,4,4,12,4,4,4,4,16,4,3,4,11,39,4,4,4,4,16,4,4,4,12,4,4,3,3,14,4,4,4,4,16,58,97
Israel,2021,F,2,3,4,4,4,12,3,4,4,2,13,3,2,3,8,33,3,3,3,3,12,3,2,4,9,4,3,2,2,11,3,3,3,2,11,43,76
Italy,2021,F,1,1,4,4,4,12,4,4,3,3,14,4,3,3,10,36,3,4,4,4,15,4,4,4,12,4,3,3,3,13,4,3,4,3,14,54,90
Jamaica,2021,F,2,2,4,4,4,12,4,4,2,3,13,4,3,2,9,34,4,4,4,3,15,4,4,3,11,4,2,2,1,9,3,3,2,3,11,46,80
Japan,2021,F,1,1,4,4,4,12,4,4,4,4,16,4,4,4,12,40,3,4,4,4,15,4,4,4,12,4,4,4,3,15,4,4,3,3,14,56,96
Jordan,2021,NF,6,5,0,1,1,2,2,1,1,2,6,0,2,1,3,11,1,2,2,2,7,0,1,0,1,2,1,2,2,7,2,2,2,2,8,23,34
Kazakhstan,2021,NF,7,5,0,0,1,1,1,0,1,1,3,0,1,0,1,5,0,1,2,1,4,1,1,0,2,1,1,1,1,4,2,2,2,2,8,18,23
Kenya,2021,PF,4,4,1,3,2,6,2,2,2,2,8,2,1,2,5,19,2,2,3,3,10,2,2,3,7,2,1,1,1,5,2,1,2,2,7,29,48
Kiribati,2021,F,1,1,4,4,4,12,4,4,4,3,15,4,3,3,10,37,4,4,4,4,16,4,4,4,12,4,4,4,3,15,4,3,3,3,13,56,93
Kosovo,2021,PF,4,4,2,3,3,8,3,3,2,2,10,2,1,2,5,23,2,2,2,3,9,3,3,2,8,1,1,2,2,6,3,1,2,2,8,31,54
Kuwait,2021,PF,5,5,0,2,1,3,2,2,2,1,7,1,1,2,4,14,1,2,2,1,6,1,2,1,4,1,2,2,2,7,2,1,2,1,6,23,37
Kyrgyzstan,2021,NF,7,5,0,1,1,2,1,1,0,1,3,0,0,0,0,4,2,2,3,3,10,1,2,2,5,0,0,1,1,2,2,2,2,1,7,24,28
Laos,2021,NF,7,6,0,0,0,0,0,0,0,0,0,0,1,1,2,2,0,1,1,1,3,0,0,0,0,0,0,1,1,2,2,1,2,1,6,11,13
Latvia,2021,F,1,2,4,4,4,12,4,4,4,3,15,4,3,3,10,37,3,4,3,4,14,4,4,4,12,3,3,3,3,12,4,4,3,3,14,52,89
Lebanon,2021,PF,5,4,1,2,2,5,3,1,1,2,7,1,0,0,1,13,2,3,3,3,11,3,3,2,8,1,1,2,1,5,1,2,2,1,6,30,43
Lesotho,2021,PF,3,3,3,4,3,10,3,3,2,3,11,2,2,2,6,27,2,4,3,3,12,2,3,2,7,2,2,2,2,8,3,2,2,2,9,36,63
Liberia,2021,PF,3,4,3,3,2,8,3,3,3,3,12,3,2,2,7,27,2,3,3,3,11,2,3,2,7,1,1,2,2,6,3,2,2,2,9,33,60
Libya,2021,NF,7,6,0,0,0,0,1,0,0,0,1,0,0,0,0,1,1,1,1,1,4,1,1,0,2,0,0,0,0,0,0,1,1,0,2,8,9
Liechtenstein,2021,F,2,1,2,4,4,10,4,3,3,3,13,2,4,4,10,33,4,4,4,4,16,4,4,4,12,3,4,4,3,14,4,4,3,4,15,57,90
Lithuania,2021,F,1,2,4,4,4,12,4,4,4,4,16,4,3,3,10,38,3,4,4,4,15,4,4,3,11,3,3,3,3,12,4,4,3,3,14,52,90
Luxembourg,2021,F,1,1,4,4,4,12,4,4,4,4,16,4,3,3,10,38,4,4,4,4,16,4,4,4,12,4,4,4,3,15,4,4,4,4,16,59,97
Madagascar,2021,PF,3,4,3,3,3,9,3,3,3,2,11,3,2,2,7,27,2,3,3,2,10,2,3,3,8,2,1,2,2,7,3,2,2,1,8,33,60
Malawi,2021,PF,3,3,3,3,3,9,3,3,3,3,12,3,2,3,8,29,2,4,4,3,13,3,2,3,8,3,2,2,2,9,2,2,1,2,7,37,66
Malaysia,2021,PF,4,4,2,2,2,6,2,3,2,2,9,2,2,2,6,21,2,1,2,3,8,2,2,2,6,2,2,2,1,7,3,3,2,1,9,30,51
Maldives,2021,PF,4,5,2,3,2,7,3,2,2,1,8,2,1,1,4,19,1,0,1,1,3,2,1,2,5,1,1,2,2,6,2,2,1,2,7,21,40
Mali,2021,NF,6,5,0,0,2,2,2,1,0,2,5,0,1,1,2,9,2,2,3,3,10,2,2,2,6,2,1,0,1,4,1,1,1,1,4,24,33
Malta,2021,F,2,1,4,4,4,12,3,4,3,4,14,4,2,3,9,35,3,4,4,3,14,4,4,4,12,4,4,4,3,15,4,4,3,3,14,55,90
Marshall Islands,2021,F,1,1,4,4,4,12,4,4,4,4,16,4,3,3,10,38,4,4,4,4,16,4,4,3,11,4,4,4,3,15,4,3,3,3,13,55,93
Mauritania,2021,PF,5,5,2,2,2,6,2,1,1,0,4,1,2,1,4,14,2,2,3,2,9,1,1,2,4,1,1,1,1,4,1,2,1,0,4,21,35
Mauritius,2021,F,1,2,4,4,4,12,4,4,4,3,15,4,3,3,10,37,3,4,4,3,14,4,4,3,11,3,4,3,3,13,4,3,3,2,12,50,87
Mexico,2021,PF,3,4,3,3,3,9,4,4,2,3,13,2,1,2,5,27,2,4,4,3,13,3,2,2,7,2,1,1,1,5,3,2,2,2,9,34,61
Micronesia,2021,F,1,1,4,4,4,12,4,4,4,3,15,4,3,3,10,37,4,4,4,4,16,4,4,3,11,4,4,4,3,15,4,3,3,3,13,55,92
Moldova,2021,PF,3,3,4,3,2,9,3,4,2,3,12,3,1,1,5,26,2,3,3,4,12,3,3,2,8,1,1,2,2,6,3,2,2,2,9,35,61
Monaco,2021,F,3,1,0,4,4,8,3,2,2,3,10,2,3,3,8,26,4,4,4,4,16,4,4,4,12,3,4,4,3,14,4,3,4,4,15,57,83
Mongolia,2021,F,1,2,4,4,3,11,4,4,4,4,16,4,2,3,9,36,3,4,4,3,14,4,4,3,11,2,3,3,3,11,4,3,3,2,12,48,84
Montenegro,2021,PF,3,3,3,3,3,9,2,3,2,3,10,2,1,2,5,24,2,3,3,2,10,3,3,3,9,2,1,3,3,9,3,2,3,3,11,39,63
Morocco,2021,PF,5,5,1,2,2,5,2,1,1,1,5,1,1,1,3,13,1,2,2,2,7,1,2,2,5,1,1,2,1,5,2,2,2,1,7,24,37
Mozambique,2021,PF,5,4,1,1,1,3,2,1,2,2,7,1,1,2,4,14,2,3,2,2,9,2,2,2,6,2,2,0,2,6,2,2,2,2,8,29,43
Myanmar,2021,NF,5,6,2,2,1,5,3,2,2,1,8,2,1,1,4,13,1,1,1,2,5,1,2,2,5,0,1,0,0,1,1,1,1,1,4,15,28
Namibia,2021,F,2,2,4,4,3,11,3,3,3,3,12,3,3,2,8,31,3,4,4,3,14,3,4,4,11,3,3,3,2,11,3,3,2,2,10,46,77
Nauru,2021,F,2,3,4,4,4,12,4,3,4,3,14,3,3,2,8,34,2,4,4,3,13,3,3,3,9,2,2,3,2,9,3,3,3,3,12,43,77
Nepal,2021,PF,3,4,3,4,3,10,3,3,2,2,10,3,1,1,5,25,2,2,3,3,10,3,2,2,7,2,1,2,1,6,3,2,2,1,8,31,56
Netherlands,2021,F,1,1,4,4,4,12,4,4,4,4,16,4,4,4,12,40,4,4,4,4,16,4,4,4,12,4,4,4,3,15,4,4,4,3,15,58,98
New Zealand,2021,F,1,1,4,4,4,12,4,4,4,4,16,4,4,4,12,40,4,4,4,4,16,4,4,4,12,4,4,4,3,15,4,4,4,4,16,59,99
Nicaragua,2021,NF,6,5,1,1,1,3,1,0,1,2,4,1,1,1,3,10,1,2,2,2,7,0,0,2,2,1,0,1,1,3,2,2,2,2,8,20,30
Niger,2021,PF,4,4,2,2,2,6,2,2,2,2,8,2,2,2,6,20,2,2,3,3,10,2,2,2,6,1,2,1,2,6,2,2,1,1,6,28,48
Nigeria,2021,PF,4,5,2,2,2,6,3,3,2,2,10,2,1,2,5,21,2,1,3,3,9,1,2,3,6,2,1,0,1,4,1,2,1,1,5,24,45
North Korea,2021,NF,7,7,0,0,0,0,0,0,0,0,0,0,0,0,0,0,0,0,0,0,0,0,0,0,0,0,0,0,0,0,0,1,1,1,3,3,3
North Macedonia,2021,PF,3,3,3,3,3,9,3,3,2,3,11,3,2,2,7,27,3,3,3,3,12,3,3,2,8,2,2,3,2,9,3,3,2,2,10,39,66
Norway,2021,F,1,1,4,4,4,12,4,4,4,4,16,4,4,4,12,40,4,4,4,4,16,4,4,4,12,4,4,4,4,16,4,4,4,4,16,60,100
Oman,2021,NF,6,5,0,1,1,2,0,0,1,1,2,0,2,0,2,6,1,2,1,1,5,0,1,2,3,0,1,2,1,4,1,2,1,1,5,17,23
Pakistan,2021,PF,5,5,1,2,2,5,2,2,1,1,6,1,1,2,4,15,1,1,2,2,6,3,1,2,6,1,1,1,1,4,2,2,1,1,6,22,37
Palau,2021,F,1,1,4,4,4,12,4,4,4,3,15,4,3,3,10,37,4,4,4,4,16,4,4,3,11,4,4,4,3,15,4,3,3,3,13,55,92
Panama,2021,F,2,2,4,4,4,12,4,4,4,3,15,4,2,2,8,35,3,4,4,4,15,4,4,3,11,2,2,3,3,10,4,3,3,2,12,48,83
Papua New Guinea,2021,PF,4,3,3,2,2,7,4,4,2,3,13,2,0,1,3,23,3,4,3,4,14,3,4,3,10,3,1,1,2,7,2,2,2,2,8,39,62
Paraguay,2021,PF,3,3,3,4,3,10,3,4,3,2,12,2,2,2,6,28,2,4,3,3,12,3,3,2,8,2,1,2,2,7,3,3,2,2,10,37,65
Peru,2021,PF,3,3,3,4,3,10,4,4,3,2,13,2,2,2,6,29,3,4,4,4,15,3,3,2,8,2,2,2,2,8,4,3,2,2,11,42,71
Philippines,2021,PF,3,4,3,3,3,9,3,2,2,3,10,3,1,2,6,25,1,4,4,3,12,2,2,2,6,1,0,1,1,3,3,2,3,2,10,31,56
Poland,2021,F,2,2,3,4,3,10,4,4,4,4,16,3,3,2,8,34,3,4,3,3,13,3,3,4,10,1,3,4,3,11,4,4,3,3,14,48,82
Portugal,2021,F,1,1,4,4,4,12,4,4,4,4,16,4,3,4,11,39,4,4,4,4,16,4,4,4,12,4,4,3,3,14,4,4,4,3,15,57,96
Qatar,2021,NF,6,5,0,1,1,2,0,0,1,1,2,0,2,1,3,7,1,2,2,2,7,1,0,1,2,1,1,3,0,5,1,1,1,1,4,18,25
Romania,2021,F,2,2,4,4,4,12,4,4,3,3,14,4,2,3,9,35,3,3,3,4,13,4,4,3,11,3,3,3,3,12,4,2,3,3,12,48,83
Russia,2021,NF,7,6,0,0,0,0,1,0,1,1,3,0,1,1,2,5,0,1,1,1,3,1,0,2,3,1,1,0,0,2,2,1,2,2,7,15,20
Rwanda,2021,NF,6,6,0,1,1,2,1,0,0,1,2,1,2,1,4,8,0,2,1,0,3,0,1,1,2,0,1,0,1,2,1,2,2,1,6,13,21
Samoa,2021,F,2,2,3,3,3,9,3,3,3,3,12,3,3,3,9,30,3,3,4,4,14,4,3,4,11,4,3,4,3,14,3,3,3,3,12,51,81
San Marino,2021,F,1,1,4,4,4,12,4,4,4,3,15,4,3,4,11,38,3,4,4,4,15,4,4,4,12,3,3,4,3,13,4,4,3,4,15,55,93
Sao Tome and Principe,2021,F,2,2,4,4,3,11,4,4,3,4,15,4,2,3,9,35,3,4,4,4,15,4,4,3,11,3,3,3,3,12,4,3,2,2,11,49,84
Saudi Arabia,2021,NF,7,7,0,0,0,0,0,0,0,0,0,0,1,0,1,1,0,0,1,1,2,0,0,0,0,1,1,0,0,2,0,1,0,1,2,6,7
Senegal,2021,PF,3,3,3,3,3,9,3,3,3,3,12,3,2,3,8,29,2,4,4,3,13,2,4,3,9,2,2,3,2,9,3,3,3,2,11,42,71
Serbia,2021,PF,4,3,3,2,2,7,3,2,2,3,10,2,1,2,5,22,2,4,3,3,12,3,3,3,9,2,2,3,2,9,4,3,3,2,12,42,64
Seychelles,2021,F,2,3,4,4,4,12,4,4,3,2,13,4,3,2,9,34,2,4,3,3,12,3,3,3,9,2,3,3,3,11,3,3,2,3,11,43,77
Sierra Leone,2021,PF,3,3,3,3,4,10,2,3,3,3,11,3,1,3,7,28,2,4,3,3,12,2,2,2,6,2,2,3,2,9,3,3,2,2,10,37,65
Singapore,2021,PF,4,4,1,2,1,4,2,2,2,2,8,2,3,2,7,19,2,3,1,2,8,1,1,1,3,1,2,2,2,7,2,3,3,3,11,29,48
Slovakia,2021,F,1,1,4,4,4,12,4,4,4,3,15,4,3,3,10,37,3,4,4,4,15,4,4,4,12,3,3,3,3,12,4,4,3,3,14,53,90
Slovenia,2021,F,1,1,4,4,4,12,4,4,4,4,16,4,3,4,11,39,3,4,4,4,15,4,4,4,12,4,4,4,3,15,4,4,3,3,14,56,95
Solomon Islands,2021,F,2,2,3,3,3,9,4,4,3,3,14,3,3,1,7,30,4,4,4,4,16,3,4,3,10,4,2,3,2,11,3,3,3,3,12,49,79
Somalia,2021,NF,7,7,0,0,0,0,1,0,0,0,1,0,0,0,0,1,1,0,1,1,3,1,1,1,3,0,0,0,0,0,0,0,0,0,0,6,7
South Africa,2021,F,2,2,4,4,4,12,3,3,3,4,13,3,2,3,8,33,3,4,4,4,15,4,4,4,12,3,2,2,2,9,3,3,2,2,10,46,79
South Korea,2021,F,2,2,4,4,3,11,3,4,3,3,13,4,3,2,9,33,3,4,3,4,14,4,3,4,11,3,3,3,3,12,4,3,3,3,13,50,83
South Sudan,2021,NF,7,7,0,0,1,1,1,0,0,0,1,0,0,0,0,-2,0,1,1,0,2,1,0,1,2,0,0,0,0,0,0,0,0,0,0,4,2
Spain,2021,F,1,1,4,4,4,12,4,4,4,4,16,3,3,3,9,37,3,4,4,3,14,3,4,4,11,3,3,4,3,13,4,4,4,3,15,53,90
Sri Lanka,2021,PF,4,4,3,3,3,9,3,3,2,2,10,2,1,2,5,23,2,2,2,2,8,3,3,3,9,3,2,2,1,8,2,2,2,2,8,33,56
St. Kitts and Nevis,2021,F,2,1,4,3,3,10,4,4,4,3,15,4,3,3,10,35,4,4,4,4,16,4,4,4,12,4,3,3,3,13,4,3,3,3,13,54,89
St. Lucia,2021,F,1,1,4,4,3,11,4,4,4,4,16,3,3,4,10,37,3,4,4,4,15,4,4,4,12,4,3,3,3,13,4,4,3,3,14,54,91
St. Vincent and the Grenadines,2021,F,1,1,4,4,3,11,4,4,4,3,15,4,3,3,10,36,3,4,4,4,15,4,4,4,12,4,3,4,3,14,4,4,3,3,14,55,91
Sudan,2021,NF,7,6,0,0,0,0,1,1,1,1,4,0,0,0,0,2,1,2,2,2,7,1,2,1,4,1,0,0,0,1,1,1,1,0,3,15,17
Suriname,2021,F,2,2,4,4,3,11,4,4,3,3,14,4,2,3,9,34,3,4,4,4,15,4,4,3,11,2,2,3,2,9,3,2,3,2,10,45,79
Sweden,2021,F,1,1,4,4,4,12,4,4,4,4,16,4,4,4,12,40,4,4,4,4,16,4,4,4,12,4,4,4,4,16,4,4,4,4,16,60,100
Switzerland,2021,F,1,1,4,4,4,12,4,4,4,3,15,4,4,4,12,39,4,3,4,4,15,4,4,4,12,4,4,4,3,15,4,4,4,3,15,57,96
Syria,2021,NF,7,7,0,0,0,0,0,0,0,0,0,0,0,0,0,-3,0,2,0,1,3,0,0,0,0,0,0,0,0,0,0,0,1,0,1,4,1
Taiwan,2021,F,1,1,4,4,4,12,4,4,3,4,15,4,3,4,11,38,4,4,4,4,16,4,4,3,11,4,4,4,3,15,4,3,4,3,14,56,94
Tajikistan,2021,NF,7,6,0,0,0,0,0,0,0,0,0,0,0,0,0,0,0,0,0,1,1,0,1,1,2,0,0,0,1,1,1,1,1,1,4,8,8
Tanzania,2021,PF,5,5,1,1,1,3,1,1,1,2,5,1,2,1,4,12,1,3,2,1,7,1,1,2,4,1,1,1,1,4,2,2,1,2,7,22,34
Thailand,2021,NF,7,5,0,1,0,1,1,0,0,1,2,0,1,1,2,5,1,3,1,1,6,1,1,2,4,1,1,1,2,5,3,2,3,2,10,25,30
The Gambia,2021,PF,4,4,2,3,2,7,2,3,2,2,9,2,1,1,4,20,2,2,2,2,8,2,2,2,6,2,1,2,1,6,2,2,1,1,6,26,46
Timor-Leste,2021,F,2,3,4,4,3,11,4,4,3,3,14,4,2,2,8,33,3,3,4,4,14,3,3,2,8,2,1,3,2,8,3,2,2,2,9,39,72
Togo,2021,PF,5,4,1,2,1,4,2,1,1,2,6,2,1,2,5,15,2,3,2,2,9,1,2,3,6,2,1,2,1,6,2,2,1,2,7,28,43
Tonga,2021,F,2,2,3,3,3,9,4,4,3,3,14,3,2,2,7,30,2,4,4,4,14,4,3,3,10,3,3,3,3,12,4,3,3,3,13,49,79
Trinidad and Tobago,2021,F,2,2,4,4,3,11,3,4,3,3,13,4,2,3,9,33,4,4,4,4,16,4,4,3,11,3,2,2,2,9,4,3,3,3,13,49,82
Tunisia,2021,F,2,3,4,4,4,12,4,4,3,3,14,3,1,2,6,32,2,3,3,4,12,3,2,3,8,2,2,3,2,9,3,2,3,2,10,39,71
Turkey,2021,NF,5,6,2,2,1,5,2,2,3,1,8,2,1,0,3,16,1,2,1,1,5,1,1,1,3,1,0,1,1,3,1,1,2,1,5,16,32
Turkmenistan,2021,NF,7,7,0,0,0,0,0,0,0,0,0,0,0,0,0,0,0,0,0,0,0,0,0,0,0,0,0,0,0,0,0,1,1,0,2,2,2
Tuvalu,2021,F,1,1,4,4,4,12,4,4,4,3,15,4,3,3,10,37,4,4,4,4,16,4,4,4,12,4,4,4,3,15,4,3,3,3,13,56,93
Uganda,2021,NF,6,5,1,1,1,3,1,1,1,2,5,1,1,1,3,11,1,3,2,2,8,1,1,2,4,1,1,1,1,4,3,2,1,1,7,23,34
Ukraine,2021,PF,3,4,4,3,2,9,3,4,2,3,12,3,1,1,5,26,2,3,3,3,11,2,2,3,7,1,1,2,2,6,3,2,3,2,10,34,60
United Arab Emirates,2021,NF,7,6,0,1,0,1,0,0,1,1,2,0,2,0,2,5,0,1,1,1,3,1,0,1,2,0,1,1,1,3,1,1,1,1,4,12,17
United Kingdom,2021,F,1,1,4,4,4,12,4,4,4,4,16,4,3,4,11,39,4,4,3,3,14,4,4,4,12,4,3,3,3,13,4,4,4,3,15,54,93
United States,2021,F,2,2,3,4,3,10,4,4,3,3,14,3,3,2,8,32,3,4,4,4,15,3,4,3,10,3,3,3,2,11,4,4,4,3,15,51,83
Uruguay,2021,F,1,1,4,4,4,12,4,4,4,4,16,4,4,4,12,40,4,4,4,4,16,4,4,4,12,4,3,4,4,15,4,4,4,3,15,58,98
Uzbekistan,2021,NF,7,6,0,0,1,1,0,0,0,0,0,0,0,1,1,2,1,0,1,1,3,0,1,0,1,0,0,1,0,1,1,1,1,1,4,9,11
Vanuatu,2021,F,2,2,3,4,3,10,4,4,4,3,15,3,2,3,8,33,2,4,4,4,14,4,4,3,11,4,3,3,3,13,4,3,2,2,11,49,82
Venezuela,2021,NF,7,6,0,0,0,0,0,0,0,1,1,0,0,0,0,1,1,3,1,1,6,0,1,1,2,0,0,0,1,1,1,1,2,0,4,13,14
Vietnam,2021,NF,7,6,0,0,0,0,0,0,0,1,1,0,1,1,2,3,0,1,1,1,3,1,0,0,1,1,1,1,1,4,2,1,3,2,8,16,19
Yemen,2021,NF,7,6,0,0,0,0,1,0,0,0,1,0,0,0,0,1,0,1,1,1,3,1,1,1,3,1,0,0,1,2,0,1,1,0,2,10,11
Zambia,2021,PF,4,4,2,2,2,6,2,2,3,3,10,2,1,1,4,20,1,3,3,2,9,2,2,3,7,2,2,2,2,8,3,2,2,1,8,32,52
Zimbabwe,2021,NF,6,5,1,1,1,3,2,1,1,1,5,1,1,1,3,11,1,3,2,1,7,1,1,1,3,1,0,0,1,2,2,1,1,1,5,17,28
Afghanistan,2020,NF,5,6,1,1,1,3,2,2,1,2,7,1,1,1,3,13,2,1,1,2,6,2,1,1,4,1,0,0,1,2,0,1,0,1,2,14,27
Albania,2020,PF,3,3,3,3,2,8,3,3,3,3,12,3,2,2,7,27,2,4,3,4,13,4,3,2,9,2,2,2,3,9,3,2,2,2,9,40,67
Algeria,2020,NF,6,5,1,1,1,3,1,1,1,1,4,1,1,1,3,10,1,1,2,3,7,2,1,1,4,1,1,2,2,6,2,2,2,1,7,24,34
Andorra,2020,F,1,1,4,4,4,12,4,4,4,3,15,4,4,4,12,39,3,3,4,4,14,4,4,3,11,4,4,4,3,15,4,4,3,4,15,55,94
Angola,2020,NF,6,5,0,2,1,3,2,1,1,2,6,1,1,0,2,11,1,2,2,2,7,2,2,2,6,1,1,1,2,5,1,1,1,0,3,21,32
Antigua and Barbuda,2020,F,2,2,4,4,4,12,3,4,3,3,13,3,2,3,8,33,3,4,4,4,15,4,3,3,10,4,3,4,3,14,4,3,3,3,13,52,85
Argentina,2020,F,2,2,4,4,3,11,4,4,4,4,16,3,2,3,8,35,3,4,4,4,15,4,4,3,11,2,3,2,3,10,4,3,4,3,14,50,85
Armenia,2020,PF,4,4,2,2,2,6,3,3,2,2,10,2,1,2,5,21,2,2,2,3,9,3,3,2,8,1,1,2,2,6,3,2,2,2,9,32,53
Australia,2020,F,1,1,4,4,4,12,4,4,4,4,16,4,4,4,12,40,3,4,4,4,15,4,4,4,12,4,4,4,3,15,4,4,4,3,15,57,97
Austria,2020,F,1,1,4,4,4,12,4,4,4,3,15,4,3,3,10,37,3,3,4,4,14,4,4,4,12,4,4,4,3,15,4,4,4,3,15,56,93
Azerbaijan,2020,NF,7,6,0,0,0,0,1,0,1,0,2,0,0,0,0,2,0,0,1,1,2,0,0,1,1,0,0,0,0,0,1,1,2,1,5,8,10
Bahamas,2020,F,1,1,4,4,4,12,4,4,4,4,16,4,3,3,10,38,3,4,4,4,15,4,4,4,12,4,3,4,2,13,3,4,3,3,13,53,91
Bahrain,2020,NF,7,6,0,1,1,2,0,0,0,0,0,0,2,0,2,1,0,1,0,1,2,0,0,1,1,0,1,0,0,1,1,2,2,1,6,10,11
Bangladesh,2020,PF,5,5,1,1,2,4,2,1,2,2,7,1,1,2,4,15,1,2,1,2,6,2,2,1,5,1,1,1,1,4,3,2,2,2,9,24,39
Barbados,2020,F,1,1,4,4,4,12,4,4,4,4,16,4,3,3,10,38,4,4,4,4,16,4,4,4,12,4,4,3,3,14,4,4,3,4,15,57,95
Belarus,2020,NF,7,6,0,0,0,0,1,0,1,1,3,0,1,1,2,5,0,1,0,1,2,1,1,1,3,0,1,0,1,2,2,2,2,1,7,14,19
Belgium,2020,F,1,1,4,4,4,12,4,4,4,4,16,4,3,4,11,39,4,3,4,4,15,4,4,4,12,4,4,4,3,15,4,4,4,3,15,57,96
Belize,2020,F,2,2,4,4,4,12,4,4,4,2,14,4,2,3,9,35,3,4,4,4,15,4,4,3,11,3,3,3,3,12,4,3,3,3,13,51,86
Benin,2020,PF,4,2,3,1,1,5,2,1,3,3,9,2,2,3,7,21,3,4,4,4,15,2,4,3,9,2,3,3,3,11,3,3,2,2,10,45,66
Bhutan,2020,PF,3,4,3,4,3,10,3,4,2,2,11,3,3,3,9,29,2,2,2,3,9,2,2,1,5,3,2,2,1,8,2,2,2,2,8,30,59
Bolivia,2020,PF,3,3,3,4,1,8,3,2,2,3,10,3,2,2,7,25,2,4,4,4,14,2,3,3,8,1,1,2,2,6,3,2,3,2,10,38,63
Bosnia and Herzegovina,2020,PF,4,4,2,2,2,6,3,2,2,2,9,2,1,1,4,19,2,3,2,3,10,3,2,2,7,1,2,2,2,7,3,2,3,2,10,34,53
Botswana,2020,F,3,2,3,4,3,10,3,2,3,2,10,3,3,2,8,28,2,4,3,3,12,4,4,2,10,3,3,3,2,11,3,3,2,3,11,44,72
Brazil,2020,F,2,2,3,3,4,10,4,4,3,3,14,3,2,2,7,31,3,4,4,3,14,3,3,3,9,3,2,1,2,8,4,3,3,3,13,44,75
Brunei,2020,NF,6,5,0,0,0,0,1,0,1,1,3,0,3,1,4,7,1,1,2,2,6,1,1,1,3,1,2,1,1,5,2,2,1,2,7,21,28
Bulgaria,2020,F,2,2,4,4,3,11,4,4,3,3,14,4,2,3,9,34,2,3,4,4,13,4,4,3,11,3,2,3,2,10,4,3,3,2,12,46,80
Burkina Faso,2020,PF,4,4,2,2,3,7,2,3,2,3,10,2,2,2,6,23,2,3,3,3,11,3,2,3,8,2,2,0,2,6,2,2,2,2,8,33,56
Burundi,2020,NF,7,6,0,0,0,0,1,0,0,2,3,0,0,0,0,3,0,3,1,0,4,0,0,1,1,0,0,0,1,1,1,1,1,1,4,10,13
Cabo Verde,2020,F,1,1,4,4,4,12,4,4,4,4,16,4,3,3,10,38,4,4,4,4,16,4,4,3,11,4,3,4,3,14,4,3,3,3,13,54,92
Cambodia,2020,NF,7,5,0,0,1,1,0,0,1,1,2,0,1,1,2,5,1,3,2,2,8,1,1,1,3,0,1,1,1,3,2,1,2,1,6,20,25
Cameroon,2020,NF,6,6,0,1,0,1,1,0,1,1,3,1,1,1,3,7,0,2,1,1,4,0,1,1,2,0,1,0,0,1,1,1,1,1,4,11,18
Canada,2020,F,1,1,4,4,4,12,4,4,4,4,16,4,4,4,12,40,4,3,4,4,15,4,4,4,12,4,4,4,3,15,4,4,4,4,16,58,98
Central African Republic,2020,NF,7,7,1,1,1,3,1,1,0,0,2,0,0,0,0,4,1,0,2,1,4,0,0,1,1,1,0,0,0,1,0,0,0,0,0,6,10
Chad,2020,NF,7,6,1,0,0,1,1,0,0,0,1,1,0,0,1,3,1,1,2,2,6,1,1,2,4,0,1,0,0,1,1,1,0,1,3,14,17
Chile,2020,F,1,2,4,4,4,12,4,4,4,3,15,4,3,4,11,38,4,4,3,4,15,2,4,4,10,4,4,2,3,13,3,4,4,3,14,52,90
China,2020,NF,7,6,0,0,0,0,0,0,0,0,0,0,1,1,2,-1,0,0,0,1,1,1,0,1,2,1,1,0,0,2,1,1,2,2,6,11,10
Colombia,2020,PF,3,3,4,3,3,10,3,3,2,3,11,3,2,3,8,29,2,4,3,3,12,2,2,2,6,3,2,2,2,9,3,2,3,2,10,37,66
Comoros,2020,PF,4,4,1,3,2,6,2,2,2,2,8,2,1,1,4,18,1,2,3,2,8,1,2,3,6,1,1,2,2,6,2,2,1,1,6,26,44
Congo (Brazzaville),2020,NF,7,5,0,0,0,0,1,0,0,1,2,0,0,0,0,2,1,3,1,2,7,1,1,2,4,0,1,0,0,1,2,2,1,1,6,18,20
Congo (Kinshasa),2020,NF,7,6,0,1,0,1,1,0,0,1,2,0,0,1,1,4,1,3,2,1,7,1,1,1,3,0,0,0,0,0,1,1,1,1,4,14,18
Costa Rica,2020,F,1,1,4,4,4,12,4,4,4,3,15,4,3,4,11,38,4,4,4,4,16,4,4,3,11,4,3,3,3,13,4,3,3,3,13,53,91
Cote d'Ivoire,2020,PF,4,4,3,2,2,7,2,2,2,2,8,2,1,1,4,19,2,3,3,3,11,2,3,3,8,1,1,2,2,6,2,2,1,2,7,32,51
Croatia,2020,F,1,2,4,4,4,12,4,4,3,3,14,4,3,3,10,36,3,3,3,4,13,4,4,4,12,3,3,3,2,11,4,3,3,3,13,49,85
Cuba,2020,NF,7,6,0,0,0,0,0,0,0,0,0,0,1,0,1,1,1,3,0,1,5,0,0,0,0,0,0,1,1,2,1,1,3,1,6,13,14
Cyprus,2020,F,1,1,4,4,4,12,4,4,4,3,15,4,3,4,11,38,4,4,3,4,15,4,4,4,12,4,4,4,3,15,3,4,4,3,14,56,94
Czech Republic,2020,F,1,1,4,4,4,12,4,4,4,3,15,4,2,3,9,36,3,3,4,4,14,4,4,4,12,3,4,4,3,14,4,4,4,3,15,55,91
Denmark,2020,F,1,1,4,4,4,12,4,4,4,4,16,4,4,4,12,40,4,4,4,4,16,4,4,4,12,4,3,4,3,14,4,4,3,4,15,57,97
Djibouti,2020,NF,7,5,0,1,1,2,1,0,1,1,3,0,0,0,0,5,0,2,2,2,6,0,1,2,3,0,2,1,1,4,2,2,1,1,6,19,24
Dominica,2020,F,1,1,4,4,3,11,4,4,4,4,16,4,3,3,10,37,3,4,4,4,15,3,4,4,11,4,4,4,3,15,4,4,3,4,15,56,93
Dominican Republic,2020,PF,3,3,3,3,3,9,3,3,3,1,10,3,2,2,7,26,2,4,4,4,14,3,4,3,10,3,2,2,1,8,2,3,2,2,9,41,67
Ecuador,2020,PF,3,3,3,3,2,8,3,3,3,3,12,3,2,2,7,27,2,4,3,3,12,2,3,3,8,2,2,2,2,8,3,2,3,2,10,38,65
Egypt,2020,NF,6,6,0,1,1,2,0,0,1,2,3,0,1,1,2,7,1,1,1,1,4,0,0,1,1,1,1,0,1,3,1,2,2,1,6,14,21
El Salvador,2020,PF,2,4,4,3,4,11,4,4,2,3,13,3,2,3,8,32,2,3,3,3,11,3,3,2,8,2,2,1,2,7,2,2,2,2,8,34,66
Equatorial Guinea,2020,NF,7,7,0,0,0,0,0,0,0,0,0,0,0,0,0,0,0,2,1,0,3,0,0,0,0,0,0,0,0,0,1,1,1,0,3,6,6
Eritrea,2020,NF,7,7,0,0,0,0,0,0,0,0,0,0,1,0,1,1,0,0,0,0,0,0,0,0,0,0,0,0,0,0,0,0,1,0,1,1,2
Estonia,2020,F,1,1,4,4,4,12,4,4,4,3,15,4,3,4,11,38,4,4,4,4,16,4,4,4,12,4,4,3,3,14,4,4,3,3,14,56,94
Eswatini,2020,NF,7,5,0,0,0,0,0,0,0,1,1,0,0,0,0,1,1,2,1,1,5,1,1,1,3,2,1,1,1,5,2,1,1,1,5,18,19
Ethiopia,2020,NF,6,6,0,0,2,2,2,1,1,1,5,0,2,1,3,10,1,1,1,1,4,1,2,1,4,1,0,0,1,2,1,1,1,1,4,14,24
Fiji,2020,PF,3,3,3,2,3,8,3,1,2,3,9,3,2,2,7,24,2,4,3,3,12,2,3,2,7,2,1,2,2,7,3,3,2,2,10,36,60
Finland,2020,F,1,1,4,4,4,12,4,4,4,4,16,4,4,4,12,40,4,4,4,4,16,4,4,4,12,4,4,4,4,16,4,4,4,4,16,60,100
France,2020,F,1,2,4,4,4,12,4,4,4,3,15,4,3,4,11,38,4,3,4,3,14,3,4,4,11,4,3,3,3,13,4,4,3,3,14,52,90
Gabon,2020,NF,7,5,0,0,0,0,1,0,0,1,2,0,1,0,1,3,1,3,2,2,8,1,1,1,3,0,1,1,1,3,2,1,1,1,5,19,22
Georgia,2020,PF,3,3,2,3,3,8,2,3,2,2,9,2,2,3,7,24,2,2,3,3,10,2,3,2,7,2,2,2,2,8,4,3,3,2,12,37,61
Germany,2020,F,1,1,4,4,4,12,4,4,4,3,15,4,4,4,12,39,4,3,4,3,14,4,4,4,12,4,4,3,3,14,4,4,4,3,15,55,94
Ghana,2020,F,2,2,4,4,4,12,3,4,3,3,13,4,3,3,10,35,3,3,4,4,14,4,4,3,11,2,3,3,3,11,3,3,3,2,11,47,82
Greece,2020,F,1,2,4,4,4,12,4,4,4,3,15,4,3,3,10,37,3,3,4,4,14,4,4,4,12,3,3,3,2,11,4,3,4,3,14,51,88
Grenada,2020,F,1,2,4,4,3,11,4,4,4,4,16,4,3,3,10,37,3,4,4,4,15,4,4,3,11,4,3,3,3,13,4,3,3,3,13,52,89
Guatemala,2020,PF,4,4,2,3,2,7,3,3,2,2,10,2,1,1,4,21,2,4,3,2,11,2,2,2,6,2,1,2,1,6,3,2,2,1,8,31,52
Guinea,2020,PF,5,5,3,0,2,5,2,2,1,2,7,1,1,1,3,15,2,3,3,3,11,1,1,2,4,1,1,1,1,4,2,2,1,1,6,25,40
Guinea-Bissau,2020,PF,5,4,2,3,2,7,3,2,1,2,8,1,1,0,2,17,2,3,3,3,11,2,3,3,8,1,0,2,2,5,2,1,1,1,5,29,46
Guyana,2020,F,2,3,3,4,3,10,4,4,3,2,13,4,2,2,8,31,3,4,4,4,15,4,4,3,11,2,2,2,2,8,3,2,2,2,9,43,74
Haiti,2020,PF,5,5,2,1,2,5,2,1,2,2,7,1,1,2,4,16,2,3,2,3,10,1,1,1,3,1,1,1,1,4,1,2,2,0,5,22,38
Honduras,2020,PF,4,4,2,3,2,7,3,2,1,2,8,2,1,1,4,19,1,4,2,2,9,1,1,2,4,1,2,1,1,5,2,2,2,2,8,26,45
Hungary,2020,PF,3,3,3,3,3,9,3,2,3,3,11,3,2,2,7,27,2,3,2,3,10,4,2,4,10,2,3,3,2,10,4,3,3,3,13,43,70
Iceland,2020,F,1,1,4,4,4,12,4,4,3,4,15,4,3,3,10,37,3,4,4,4,15,4,4,4,12,4,4,4,3,15,4,4,4,3,15,57,94
India,2020,F,2,3,4,4,4,12,4,4,3,2,13,4,2,3,9,34,2,2,2,4,10,2,3,3,8,3,2,2,2,9,3,3,2,2,10,37,71
Indonesia,2020,PF,2,4,4,4,3,11,4,4,3,2,13,3,1,2,6,30,3,1,3,3,10,2,2,3,7,2,1,1,1,5,3,2,2,2,9,31,61
Iran,2020,NF,6,6,1,1,1,3,0,1,0,1,2,1,0,1,2,7,0,0,1,1,2,0,0,1,1,1,1,0,1,3,1,1,1,1,4,10,17
Iraq,2020,NF,5,6,2,3,3,8,3,3,1,1,8,1,0,1,2,17,1,1,1,2,5,0,2,2,4,0,0,1,0,1,1,1,1,1,4,14,31
Ireland,2020,F,1,1,4,4,4,12,4,4,4,4,16,4,3,4,11,39,4,4,4,4,16,4,4,4,12,4,4,3,3,14,4,4,4,4,16,58,97
Israel,2020,F,2,3,4,4,4,12,3,4,4,2,13,3,2,3,8,33,3,3,3,3,12,3,2,4,9,4,3,2,2,11,3,3,3,2,11,43,76
Italy,2020,F,1,1,4,4,4,12,4,4,3,3,14,4,3,3,10,36,3,4,4,4,15,4,4,4,12,3,3,3,3,12,4,3,4,3,14,53,89
Jamaica,2020,F,2,2,4,4,4,12,4,4,2,3,13,4,3,2,9,34,4,4,4,3,15,3,4,3,10,3,2,2,1,8,3,3,2,3,11,44,78
Japan,2020,F,1,1,4,4,4,12,4,4,4,4,16,4,4,4,12,40,3,4,4,4,15,4,4,4,12,4,4,4,3,15,4,4,3,3,14,56,96
Jordan,2020,PF,5,5,0,1,2,3,2,1,1,2,6,0,2,1,3,12,1,2,2,2,7,1,1,1,3,2,1,2,2,7,2,2,2,2,8,25,37
Kazakhstan,2020,NF,7,5,0,0,1,1,1,0,1,1,3,0,1,0,1,5,0,1,2,1,4,1,1,0,2,1,1,1,1,4,2,2,2,2,8,18,23
Kenya,2020,PF,4,4,1,3,2,6,2,2,2,2,8,2,1,2,5,19,2,2,3,3,10,2,2,3,7,2,1,1,1,5,2,1,2,2,7,29,48
Kiribati,2020,F,1,1,4,4,4,12,4,4,4,3,15,4,3,3,10,37,4,4,4,4,16,4,4,4,12,4,4,4,3,15,4,3,3,3,13,56,93
Kosovo,2020,PF,3,4,3,3,3,9,3,4,2,2,11,2,1,2,5,25,2,2,2,3,9,3,3,2,8,1,1,2,2,6,3,1,2,2,8,31,56
Kuwait,2020,PF,5,5,0,1,1,2,2,2,2,1,7,1,1,2,4,13,1,2,2,1,6,1,2,1,4,1,2,2,2,7,2,1,2,1,6,23,36
Kyrgyzstan,2020,PF,5,4,1,2,1,4,2,1,1,1,5,1,1,2,4,12,2,2,3,3,10,2,2,2,6,1,1,1,1,4,2,2,2,1,7,27,39
Laos,2020,NF,7,6,0,0,0,0,0,0,0,0,0,0,1,1,2,2,0,2,1,1,4,0,0,0,0,0,0,1,1,2,2,1,2,1,6,12,14
Latvia,2020,F,1,2,4,4,4,12,4,4,4,3,15,4,3,3,10,37,3,4,3,4,14,4,4,4,12,3,3,3,3,12,4,4,3,3,14,52,89
Lebanon,2020,PF,5,4,1,2,2,5,3,1,1,2,7,1,0,1,2,14,2,3,3,3,11,3,3,2,8,1,1,2,1,5,1,2,2,1,6,30,44
Lesotho,2020,PF,3,3,3,4,3,10,3,3,2,3,11,2,2,2,6,27,2,4,3,3,12,2,3,2,7,2,2,2,2,8,3,2,2,2,9,36,63
Liberia,2020,PF,3,4,3,3,2,8,3,3,3,3,12,3,2,2,7,27,2,3,3,3,11,2,3,2,7,1,1,2,2,6,3,2,2,2,9,33,60
Libya,2020,NF,7,6,0,0,0,0,1,0,0,0,1,0,0,0,0,1,1,1,1,1,4,1,1,0,2,0,0,0,0,0,0,1,1,0,2,8,9
Liechtenstein,2020,F,2,1,2,4,4,10,4,3,3,3,13,2,4,4,10,33,4,4,4,4,16,4,4,4,12,3,4,4,3,14,4,4,3,4,15,57,90
Lithuania,2020,F,1,1,4,4,4,12,4,4,4,4,16,4,3,3,10,38,4,4,4,4,16,4,4,3,11,3,3,3,3,12,4,4,3,3,14,53,91
Luxembourg,2020,F,1,1,4,4,4,12,4,4,4,4,16,4,3,3,10,38,4,4,4,4,16,4,4,4,12,4,4,4,4,16,4,4,4,4,16,60,98
Madagascar,2020,PF,3,3,3,3,3,9,3,3,3,2,11,2,2,2,6,26,2,3,3,3,11,3,3,3,9,2,1,2,2,7,3,2,2,1,8,35,61
Malawi,2020,PF,3,3,3,3,2,8,3,3,3,3,12,3,1,2,6,26,2,4,4,3,13,2,2,3,7,3,2,2,2,9,2,2,1,2,7,36,62
Malaysia,2020,PF,4,4,2,2,2,6,2,3,2,2,9,2,2,2,6,21,3,1,2,3,9,2,2,2,6,2,2,2,1,7,3,3,2,1,9,31,52
Maldives,2020,PF,4,5,2,3,2,7,3,2,1,1,7,2,1,1,4,18,1,0,1,1,3,3,1,2,6,1,1,2,2,6,2,2,1,2,7,22,40
Mali,2020,PF,5,5,2,1,2,5,2,2,2,2,8,2,1,1,4,17,2,2,3,3,10,2,2,2,6,2,1,0,1,4,1,1,1,1,4,24,41
Malta,2020,F,2,1,4,4,4,12,3,4,3,4,14,4,2,3,9,35,3,4,4,3,14,4,4,4,12,4,4,4,3,15,4,4,3,3,14,55,90
Marshall Islands,2020,F,1,1,4,4,4,12,4,4,4,4,16,4,3,3,10,38,4,4,4,4,16,4,4,3,11,4,4,4,3,15,4,3,3,3,13,55,93
Mauritania,2020,PF,5,5,2,2,2,6,1,1,1,0,3,1,2,1,4,13,2,2,3,2,9,1,1,2,4,1,1,1,1,4,1,2,1,0,4,21,34
Mauritius,2020,F,1,2,4,4,4,12,4,4,4,3,15,4,3,3,10,37,3,4,4,4,15,4,4,4,12,3,4,3,3,13,4,3,3,2,12,52,89
Mexico,2020,PF,3,3,3,3,3,9,4,4,2,3,13,2,1,2,5,27,2,4,4,3,13,3,2,2,7,2,1,1,1,5,3,2,3,2,10,35,62
Micronesia,2020,F,1,1,4,4,4,12,4,4,4,3,15,4,3,3,10,37,4,4,4,4,16,4,4,3,11,4,4,4,3,15,4,3,3,3,13,55,92
Moldova,2020,PF,3,4,4,3,2,9,3,4,2,3,12,3,1,1,5,26,2,3,3,3,11,3,3,2,8,1,1,2,2,6,3,2,2,2,9,34,60
Monaco,2020,F,3,1,0,4,4,8,3,2,2,3,10,2,3,3,8,26,4,4,4,4,16,4,4,4,12,3,4,4,3,14,4,3,4,4,15,57,83
Mongolia,2020,F,1,2,4,4,3,11,4,4,4,4,16,4,2,3,9,36,3,4,4,3,14,4,4,3,11,2,3,3,3,11,4,3,3,2,12,48,84
Montenegro,2020,PF,4,3,3,2,3,8,2,2,2,3,9,2,1,2,5,22,2,3,3,3,11,3,3,3,9,2,1,3,3,9,3,2,3,3,11,40,62
Morocco,2020,PF,5,5,1,2,2,5,2,1,1,1,5,1,1,1,3,13,1,2,2,2,7,1,2,2,5,1,1,2,1,5,2,2,2,1,7,24,37
Mozambique,2020,PF,5,4,1,1,1,3,2,1,2,2,7,1,1,2,4,14,2,3,2,2,9,2,2,2,6,2,2,1,2,7,3,2,2,2,9,31,45
Myanmar,2020,NF,5,6,2,2,1,5,3,3,2,1,9,2,1,1,4,14,1,1,1,2,5,2,2,2,6,0,1,0,0,1,1,1,1,1,4,16,30
Namibia,2020,F,2,2,4,4,3,11,3,3,3,3,12,3,3,2,8,31,3,4,4,3,14,3,4,4,11,3,3,3,2,11,3,3,2,2,10,46,77
Nauru,2020,F,2,3,4,4,4,12,4,3,4,3,14,3,3,2,8,34,2,4,4,3,13,3,3,3,9,2,2,3,2,9,3,3,3,3,12,43,77
Nepal,2020,PF,3,4,3,4,3,10,3,3,2,2,10,3,1,1,5,25,2,2,3,3,10,3,2,2,7,2,1,2,1,6,3,2,2,1,8,31,56
Netherlands,2020,F,1,1,4,4,4,12,4,4,4,4,16,4,4,4,12,40,4,4,4,4,16,4,4,4,12,4,4,4,3,15,4,4,4,4,16,59,99
New Zealand,2020,F,1,1,4,4,4,12,4,4,4,4,16,4,4,4,12,40,4,4,4,4,16,4,4,4,12,4,4,3,3,14,4,4,4,3,15,57,97
Nicaragua,2020,NF,6,5,1,1,1,3,1,0,1,2,4,1,1,1,3,10,1,2,2,2,7,0,0,2,2,1,0,1,2,4,2,2,2,2,8,21,31
Niger,2020,PF,4,4,2,2,2,6,2,2,2,2,8,2,2,2,6,20,2,2,3,3,10,2,2,2,6,1,2,1,2,6,2,2,1,1,6,28,48
Nigeria,2020,PF,4,5,2,2,2,6,3,3,2,2,10,2,2,2,6,22,2,1,3,3,9,2,2,3,7,2,1,0,1,4,1,2,1,1,5,25,47
North Korea,2020,NF,7,7,0,0,0,0,0,0,0,0,0,0,0,0,0,0,0,0,0,0,0,0,0,0,0,0,0,0,0,0,0,1,1,1,3,3,3
North Macedonia,2020,PF,3,3,2,2,3,7,3,3,2,3,11,2,2,2,6,24,3,3,3,3,12,3,3,2,8,2,2,3,2,9,3,3,2,2,10,39,63
Norway,2020,F,1,1,4,4,4,12,4,4,4,4,16,4,4,4,12,40,4,4,4,4,16,4,4,4,12,4,4,4,4,16,4,4,4,4,16,60,100
Oman,2020,NF,6,5,0,1,1,2,0,0,1,1,2,0,2,0,2,6,1,2,1,1,5,0,1,2,3,0,1,2,1,4,1,2,1,1,5,17,23
Pakistan,2020,PF,5,5,1,2,2,5,2,2,1,1,6,1,1,3,5,16,1,1,2,2,6,3,1,2,6,1,1,1,1,4,2,2,1,1,6,22,38
Palau,2020,F,1,1,4,4,4,12,4,4,4,3,15,4,3,3,10,37,4,4,4,4,16,4,4,3,11,4,4,4,3,15,4,3,3,3,13,55,92
Panama,2020,F,1,2,4,4,4,12,4,4,4,3,15,4,2,3,9,36,3,4,4,4,15,4,4,3,11,2,2,3,3,10,4,3,3,2,12,48,84
Papua New Guinea,2020,PF,4,3,3,2,2,7,4,4,2,3,13,2,0,1,3,23,3,4,3,4,14,3,4,3,10,3,1,1,2,7,2,2,2,2,8,39,62
Paraguay,2020,PF,3,3,3,4,3,10,3,4,3,2,12,2,2,2,6,28,2,4,3,3,12,3,3,2,8,2,1,2,2,7,3,3,2,2,10,37,65
Peru,2020,F,2,3,4,4,3,11,4,4,3,2,13,2,2,2,6,30,3,4,4,4,15,3,3,2,8,2,2,2,2,8,4,3,2,2,11,42,72
Philippines,2020,PF,3,4,3,3,3,9,3,2,2,3,10,3,1,2,6,25,2,4,4,4,14,3,2,2,7,1,0,1,1,3,3,2,3,2,10,34,59
Poland,2020,F,2,2,4,4,3,11,4,4,4,4,16,3,3,2,8,35,3,4,3,4,14,3,3,4,10,1,3,4,3,11,4,4,3,3,14,49,84
Portugal,2020,F,1,1,4,4,4,12,4,4,4,4,16,4,3,4,11,39,4,4,4,4,16,4,4,4,12,4,4,3,3,14,4,4,4,3,15,57,96
Qatar,2020,NF,6,5,0,1,1,2,0,0,1,1,2,0,2,1,3,7,1,2,2,2,7,1,0,1,2,1,1,3,0,5,1,1,1,1,4,18,25
Romania,2020,F,2,2,4,4,4,12,4,4,3,3,14,4,2,3,9,35,3,3,3,4,13,4,4,3,11,3,3,3,3,12,4,2,3,3,12,48,83
Russia,2020,NF,7,6,0,0,0,0,1,0,1,1,3,0,1,1,2,5,0,1,1,1,3,1,0,2,3,1,1,0,0,2,2,1,2,2,7,15,20
Rwanda,2020,NF,6,6,0,1,1,2,1,0,0,1,2,1,2,1,4,8,0,2,1,0,3,0,1,1,2,0,1,0,1,2,2,2,2,1,7,14,22
Samoa,2020,F,2,2,3,3,3,9,3,3,3,3,12,3,3,3,9,30,3,3,4,4,14,4,3,4,11,4,3,4,3,14,3,3,3,3,12,51,81
San Marino,2020,F,1,1,4,4,4,12,4,4,4,3,15,4,3,4,11,38,3,4,4,4,15,4,4,4,12,4,4,4,3,15,4,4,3,4,15,57,95
Sao Tome and Principe,2020,F,2,2,4,4,3,11,4,4,3,4,15,4,2,3,9,35,3,4,4,4,15,4,4,3,11,3,3,3,3,12,4,3,2,2,11,49,84
Saudi Arabia,2020,NF,7,7,0,0,0,0,0,0,0,0,0,0,1,0,1,1,0,0,1,1,2,0,0,0,0,1,1,0,0,2,0,1,0,1,2,6,7
Senegal,2020,PF,3,3,3,3,3,9,3,3,3,3,12,3,2,3,8,29,2,4,4,3,13,2,4,3,9,2,2,3,2,9,3,3,3,2,11,42,71
Serbia,2020,PF,4,3,3,2,3,8,3,2,2,3,10,2,1,2,5,23,2,4,3,3,12,4,3,3,10,2,2,3,2,9,4,3,3,2,12,43,66
Seychelles,2020,PF,3,3,3,4,3,10,3,3,3,2,11,3,3,2,8,29,2,4,3,3,12,3,3,3,9,2,3,3,3,11,3,3,2,3,11,43,72
Sierra Leone,2020,PF,3,3,3,3,4,10,2,3,3,3,11,3,1,3,7,28,2,4,3,3,12,2,2,2,6,2,2,3,2,9,3,3,2,2,10,37,65
Singapore,2020,PF,4,4,1,2,1,4,2,2,2,2,8,2,3,2,7,19,2,3,1,2,8,2,1,1,4,1,2,2,2,7,3,3,3,3,12,31,50
Slovakia,2020,F,1,2,4,4,4,12,4,4,4,3,15,4,3,2,9,36,2,4,4,4,14,4,4,4,12,3,3,3,3,12,4,4,3,3,14,52,88
Slovenia,2020,F,1,1,4,4,4,12,4,4,4,4,16,4,3,4,11,39,3,3,4,4,14,4,4,4,12,4,4,4,3,15,4,4,3,3,14,55,94
Solomon Islands,2020,F,2,2,3,3,3,9,4,4,3,3,14,3,3,1,7,30,4,4,4,4,16,3,4,3,10,4,2,3,2,11,3,3,3,3,12,49,79
Somalia,2020,NF,7,7,0,0,0,0,1,0,0,0,1,0,0,0,0,1,1,0,1,1,3,1,1,1,3,0,0,0,0,0,0,0,0,0,0,6,7
South Africa,2020,F,2,2,4,4,4,12,3,3,3,4,13,3,2,3,8,33,3,4,4,4,15,4,4,4,12,3,2,2,2,9,3,3,2,2,10,46,79
South Korea,2020,F,2,2,4,4,3,11,3,4,3,3,13,4,3,2,9,33,3,4,3,4,14,4,3,4,11,3,3,3,3,12,4,3,3,3,13,50,83
South Sudan,2020,NF,7,7,0,0,1,1,1,0,0,0,1,0,0,0,0,-2,0,1,1,0,2,1,0,1,2,0,0,0,0,0,0,0,0,0,0,4,2
Spain,2020,F,1,1,4,4,4,12,4,4,4,4,16,3,3,4,10,38,3,4,4,3,14,3,4,4,11,4,3,4,3,14,4,4,4,3,15,54,92
Sri Lanka,2020,PF,4,4,3,3,3,9,3,3,2,2,10,2,1,2,5,23,2,2,2,2,8,3,3,3,9,3,2,2,1,8,2,2,2,2,8,33,56
St. Kitts and Nevis,2020,F,1,1,4,3,3,10,4,4,4,4,16,4,3,3,10,36,3,4,4,4,15,4,4,4,12,4,3,3,3,13,4,3,3,3,13,53,89
St. Lucia,2020,F,1,1,4,4,3,11,4,4,4,4,16,4,3,4,11,38,3,4,4,4,15,4,4,4,12,4,3,3,3,13,4,4,3,3,14,54,92
St. Vincent and the Grenadines,2020,F,1,1,4,4,3,11,4,4,4,3,15,4,3,3,10,36,3,4,4,4,15,4,4,4,12,4,3,4,3,14,4,4,3,3,14,55,91
Sudan,2020,NF,7,6,0,0,0,0,1,1,1,1,4,0,0,0,0,2,1,1,1,2,5,0,2,1,3,1,0,0,0,1,0,1,0,0,1,10,12
Suriname,2020,F,2,3,4,4,3,11,4,4,3,3,14,3,2,2,7,32,3,4,4,3,14,4,4,3,11,2,1,3,2,8,3,2,3,2,10,43,75
Sweden,2020,F,1,1,4,4,4,12,4,4,4,4,16,4,4,4,12,40,4,4,4,4,16,4,4,4,12,4,4,4,4,16,4,4,4,4,16,60,100
Switzerland,2020,F,1,1,4,4,4,12,4,4,4,3,15,4,4,4,12,39,4,3,4,4,15,4,4,4,12,4,4,4,3,15,4,4,4,3,15,57,96
Syria,2020,NF,7,7,0,0,0,0,0,0,0,0,0,0,0,0,0,-3,0,2,0,1,3,0,0,0,0,0,0,0,0,0,0,0,0,0,0,3,0
Taiwan,2020,F,1,1,4,4,4,12,4,4,3,4,15,4,3,3,10,37,4,4,4,4,16,4,4,3,11,4,4,4,3,15,4,3,4,3,14,56,93
Tajikistan,2020,NF,7,6,0,0,0,0,0,0,0,0,0,0,0,0,0,0,0,0,1,1,2,0,1,1,2,0,0,0,1,1,1,1,1,1,4,9,9
Tanzania,2020,PF,5,5,3,2,1,6,1,1,2,2,6,2,2,1,5,17,1,3,2,1,7,1,1,2,4,2,1,1,1,5,2,2,1,2,7,23,40
Thailand,2020,PF,6,4,0,1,0,1,1,1,0,1,3,0,1,1,2,6,1,3,1,1,6,2,1,2,5,1,1,1,2,5,3,2,3,2,10,26,32
The Gambia,2020,PF,4,4,2,3,2,7,2,3,2,2,9,2,1,1,4,20,2,2,2,2,8,2,2,2,6,2,1,2,1,6,2,2,1,1,6,26,46
Timor-Leste,2020,F,2,3,4,4,3,11,4,4,3,3,14,3,2,2,7,32,3,3,4,4,14,3,3,2,8,2,1,3,2,8,3,2,2,2,9,39,71
Togo,2020,PF,5,4,2,2,1,5,2,1,1,2,6,2,1,2,5,16,2,3,2,2,9,1,2,3,6,2,1,2,1,6,2,2,1,2,7,28,44
Tonga,2020,F,2,2,3,3,3,9,4,4,3,3,14,3,2,2,7,30,2,4,4,4,14,4,3,3,10,3,3,3,3,12,4,3,3,3,13,49,79
Trinidad and Tobago,2020,F,2,2,4,4,3,11,3,4,3,3,13,4,2,3,9,33,4,4,4,4,16,4,4,3,11,3,2,2,2,9,4,3,3,3,13,49,82
Tunisia,2020,F,2,3,4,4,4,12,4,4,3,3,14,3,1,2,6,32,2,3,3,4,12,2,2,3,7,2,2,3,2,9,3,2,3,2,10,38,70
Turkey,2020,NF,5,6,2,2,1,5,2,2,3,1,8,2,1,0,3,16,1,2,1,1,5,1,1,1,3,1,0,1,1,3,1,1,2,1,5,16,32
Turkmenistan,2020,NF,7,7,0,0,0,0,0,0,0,0,0,0,0,0,0,0,0,0,0,0,0,0,0,0,0,0,0,0,0,0,0,1,1,0,2,2,2
Tuvalu,2020,F,1,1,4,4,4,12,4,4,4,3,15,4,3,3,10,37,4,4,4,4,16,4,4,4,12,4,4,4,3,15,4,3,3,3,13,56,93
Uganda,2020,NF,6,5,1,1,1,3,1,1,1,2,5,1,1,1,3,11,1,3,2,2,8,1,1,2,4,1,1,1,1,4,3,2,1,1,7,23,34
Ukraine,2020,PF,3,3,4,3,2,9,3,4,2,3,12,3,1,2,6,27,2,3,3,3,11,2,2,3,7,1,2,2,2,7,3,2,3,2,10,35,62
United Arab Emirates,2020,NF,7,6,0,1,0,1,0,0,1,1,2,0,2,0,2,5,0,1,1,1,3,1,0,1,2,0,1,1,1,3,1,1,1,1,4,12,17
United Kingdom,2020,F,1,1,4,4,4,12,4,4,4,4,16,3,4,4,11,39,4,4,3,3,14,4,4,4,12,4,4,3,3,14,4,4,4,3,15,55,94
United States,2020,F,2,1,3,4,3,10,4,4,3,3,14,3,3,3,9,33,4,4,4,4,16,4,4,3,11,3,3,3,2,11,4,4,4,3,15,53,86
Uruguay,2020,F,1,1,4,4,4,12,4,4,4,4,16,4,4,4,12,40,4,4,4,4,16,4,4,4,12,4,3,4,4,15,4,4,4,3,15,58,98
Uzbekistan,2020,NF,7,6,0,0,1,1,0,0,0,0,0,0,0,1,1,2,0,0,1,1,2,0,1,0,1,0,0,1,0,1,1,1,1,1,4,8,10
Vanuatu,2020,F,2,2,3,4,3,10,4,4,4,3,15,3,2,3,8,33,2,4,4,4,14,4,4,3,11,4,3,3,3,13,4,3,2,2,11,49,82
Venezuela,2020,NF,7,6,0,0,0,0,0,0,0,2,2,0,0,0,0,2,1,3,1,1,6,0,1,1,2,0,0,0,1,1,2,1,2,0,5,14,16
Vietnam,2020,NF,7,5,0,0,0,0,0,0,0,1,1,0,1,1,2,3,1,1,1,1,4,1,0,0,1,1,1,1,1,4,2,1,3,2,8,17,20
Yemen,2020,NF,7,6,0,0,0,0,1,0,0,0,1,0,0,0,0,1,0,1,1,1,3,1,1,1,3,1,0,0,1,2,0,1,1,0,2,10,11
Zambia,2020,PF,4,4,2,2,2,6,2,2,3,3,10,2,2,2,6,22,1,3,3,2,9,2,2,3,7,2,2,2,2,8,3,2,2,1,8,32,54
Zimbabwe,2020,PF,5,5,1,1,1,3,2,2,1,1,6,1,1,1,3,12,1,3,2,1,7,1,1,1,3,1,0,0,1,2,2,1,1,1,5,17,29
Afghanistan,2019,NF,5,6,1,1,1,3,2,2,1,2,7,1,1,1,3,13,2,1,1,2,6,2,1,1,4,1,0,0,1,2,0,1,0,1,2,14,27
Albania,2019,PF,3,3,3,3,2,8,3,4,3,3,13,3,2,2,7,28,2,4,3,4,13,4,3,2,9,2,2,2,3,9,3,2,2,2,9,40,68
Algeria,2019,NF,6,5,1,1,1,3,1,1,1,1,4,1,1,1,3,10,1,1,2,3,7,2,1,1,4,1,1,2,2,6,2,2,2,1,7,24,34
Andorra,2019,F,1,1,4,4,4,12,4,4,4,3,15,4,4,4,12,39,3,3,4,4,14,4,4,3,11,4,4,4,3,15,4,4,3,4,15,55,94
Angola,2019,NF,6,5,0,2,1,3,2,1,1,2,6,1,1,0,2,11,1,2,2,2,7,2,2,2,6,1,1,1,1,4,1,1,1,0,3,20,31
Antigua and Barbuda,2019,F,2,2,4,4,4,12,3,4,3,3,13,3,2,3,8,33,3,4,4,4,15,3,3,3,9,4,3,4,3,14,4,3,3,3,13,51,84
Argentina,2019,F,2,2,4,4,3,11,4,4,4,3,15,3,2,3,8,34,3,4,4,4,15,4,4,3,11,2,3,2,3,10,4,3,4,3,14,50,84
Armenia,2019,PF,4,4,2,2,2,6,3,3,2,2,10,1,1,2,4,20,2,2,2,3,9,3,2,2,7,1,1,2,2,6,3,2,2,2,9,31,51
Australia,2019,F,1,1,4,4,4,12,4,4,4,4,16,4,4,4,12,40,4,4,4,4,16,4,4,4,12,4,4,4,3,15,4,4,4,3,15,58,98
Austria,2019,F,1,1,4,4,4,12,4,4,4,3,15,4,3,3,10,37,3,3,4,4,14,4,4,4,12,4,4,4,3,15,4,4,4,3,15,56,93
Azerbaijan,2019,NF,7,6,0,0,0,0,1,0,1,0,2,0,0,0,0,2,0,0,1,1,2,0,0,1,1,0,1,0,0,1,1,1,2,1,5,9,11
Bahamas,2019,F,1,1,4,4,4,12,4,4,4,4,16,4,3,3,10,38,3,4,4,4,15,4,4,4,12,4,3,4,2,13,3,4,3,3,13,53,91
Bahrain,2019,NF,7,6,0,1,1,2,0,0,0,0,0,1,2,0,3,2,0,1,0,1,2,0,0,1,1,0,1,0,0,1,1,2,2,1,6,10,12
Bangladesh,2019,PF,5,5,2,1,2,5,2,1,2,2,7,2,1,2,5,17,1,2,1,2,6,2,2,1,5,1,1,1,1,4,3,2,2,2,9,24,41
Barbados,2019,F,1,1,4,4,4,12,4,4,4,4,16,4,3,3,10,38,4,4,4,4,16,4,4,4,12,4,4,4,3,15,4,4,3,4,15,58,96
Belarus,2019,NF,7,6,0,0,0,0,1,0,1,1,3,0,1,1,2,5,0,1,0,1,2,1,1,1,3,0,1,0,1,2,2,2,2,1,7,14,19
Belgium,2019,F,1,1,4,4,4,12,4,4,4,4,16,4,3,4,11,39,4,3,4,4,15,4,4,4,12,4,4,4,3,15,4,4,4,3,15,57,96
Belize,2019,F,1,2,4,4,4,12,4,4,4,2,14,4,2,4,10,36,3,4,4,4,15,3,4,3,10,3,3,3,3,12,4,3,3,3,13,50,86
Benin,2019,F,2,2,3,3,3,9,4,3,4,4,15,3,2,3,8,32,3,4,4,4,15,4,4,3,11,2,3,3,3,11,3,3,2,2,10,47,79
Bhutan,2019,PF,3,4,3,4,3,10,3,4,2,2,11,3,3,3,9,29,2,2,2,3,9,2,2,1,5,3,2,2,1,8,2,2,2,2,8,30,59
Bolivia,2019,PF,3,3,4,4,2,10,3,2,3,3,11,3,2,2,7,28,2,4,4,4,14,3,3,3,9,1,1,2,2,6,3,2,3,2,10,39,67
Bosnia and Herzegovina,2019,PF,4,4,2,2,2,6,3,2,2,2,9,2,1,1,4,19,2,3,2,3,10,3,2,2,7,1,2,2,2,7,3,2,3,2,10,34,53
Botswana,2019,F,3,2,3,4,3,10,3,2,3,2,10,3,3,2,8,28,2,4,3,3,12,4,4,2,10,3,3,3,2,11,3,3,2,3,11,44,72
Brazil,2019,F,2,2,3,3,4,10,4,4,3,3,14,2,2,2,6,30,3,4,4,4,15,3,3,3,9,3,2,1,2,8,4,3,3,3,13,45,75
Brunei,2019,NF,6,5,0,0,0,0,1,0,1,1,3,0,3,1,4,7,1,1,2,2,6,1,1,1,3,1,2,2,1,6,2,2,1,2,7,22,29
Bulgaria,2019,F,2,2,4,4,3,11,4,4,3,3,14,4,2,2,8,33,3,3,4,4,14,4,4,3,11,3,2,3,2,10,4,3,3,2,12,47,80
Burkina Faso,2019,PF,4,3,2,2,3,7,2,3,2,3,10,2,2,2,6,23,3,4,3,3,13,3,3,3,9,2,2,1,2,7,2,2,2,2,8,37,60
Burundi,2019,NF,7,6,0,0,0,0,1,0,0,2,3,0,0,0,0,3,0,3,2,0,5,0,0,1,1,0,0,0,1,1,1,1,1,1,4,11,14
Cabo Verde,2019,F,1,1,4,4,4,12,4,4,4,3,15,4,3,3,10,37,3,4,4,4,15,4,4,3,11,4,3,4,3,14,4,3,3,3,13,53,90
Cambodia,2019,NF,6,5,0,0,1,1,0,0,1,1,2,1,1,1,3,6,1,3,2,2,8,1,1,1,3,0,1,1,1,3,2,1,2,1,6,20,26
Cameroon,2019,NF,6,6,0,1,0,1,1,0,1,1,3,1,1,1,3,7,0,2,2,1,5,0,1,1,2,0,1,0,0,1,1,1,1,1,4,12,19
Canada,2019,F,1,1,4,4,4,12,4,4,4,4,16,4,4,4,12,40,4,4,4,4,16,4,4,4,12,4,4,4,3,15,4,4,4,4,16,59,99
Central African Republic,2019,NF,7,7,1,1,1,3,1,1,0,0,2,0,0,0,0,4,1,0,2,1,4,0,0,1,1,0,0,0,0,0,0,0,0,0,0,5,9
Chad,2019,NF,7,6,1,0,0,1,1,0,0,0,1,1,0,0,1,3,1,1,2,2,6,1,1,2,4,0,1,0,0,1,1,1,0,1,3,14,17
Chile,2019,F,1,1,4,4,4,12,4,4,4,3,15,4,3,3,10,37,4,4,4,4,16,4,4,4,12,4,4,3,3,14,4,4,4,3,15,57,94
China,2019,NF,7,6,0,0,0,0,0,0,0,0,0,0,1,1,2,-1,0,0,1,1,2,1,0,1,2,1,1,0,0,2,1,1,2,2,6,12,11
Colombia,2019,PF,3,3,4,3,3,10,3,3,2,3,11,3,2,3,8,29,2,4,3,3,12,2,2,2,6,3,2,2,2,9,3,2,3,2,10,37,66
Comoros,2019,PF,4,4,3,3,2,8,2,2,3,2,9,2,1,1,4,21,2,2,3,3,10,1,2,3,6,1,2,2,2,7,2,2,1,1,6,29,50
Congo (Brazzaville),2019,NF,7,5,0,0,0,0,1,0,0,1,2,0,0,0,0,2,1,3,1,2,7,1,2,2,5,0,1,0,0,1,2,2,1,1,6,19,21
Congo (Kinshasa),2019,NF,7,6,0,0,0,0,1,0,0,1,2,0,0,1,1,3,1,3,2,1,7,0,0,1,1,0,0,0,0,0,1,1,1,1,4,12,15
Costa Rica,2019,F,1,1,4,4,4,12,4,4,4,3,15,4,3,4,11,38,4,4,4,4,16,4,4,3,11,4,3,3,3,13,4,3,3,3,13,53,91
Cote d'Ivoire,2019,PF,4,4,3,2,2,7,2,2,2,2,8,2,1,1,4,19,2,3,3,3,11,2,3,3,8,1,1,2,2,6,2,2,1,2,7,32,51
Croatia,2019,F,1,2,4,4,4,12,4,4,3,3,14,4,3,3,10,36,3,3,3,4,13,4,4,4,12,3,3,3,2,11,4,3,3,3,13,49,85
Cuba,2019,NF,7,6,0,0,0,0,0,0,0,0,0,0,1,0,1,1,1,3,0,1,5,0,0,0,0,0,0,1,1,2,1,1,3,1,6,13,14
Cyprus,2019,F,1,1,4,4,4,12,4,4,4,3,15,4,3,4,11,38,4,4,3,4,15,4,4,4,12,4,4,4,3,15,3,4,4,3,14,56,94
Czech Republic,2019,F,1,1,4,4,4,12,4,4,4,3,15,4,2,3,9,36,3,3,4,4,14,4,4,4,12,3,4,4,3,14,4,4,4,3,15,55,91
Denmark,2019,F,1,1,4,4,4,12,4,4,4,4,16,4,4,4,12,40,4,4,4,4,16,4,4,4,12,4,3,4,3,14,4,4,3,4,15,57,97
Djibouti,2019,NF,6,5,0,1,1,2,1,0,1,1,3,0,1,1,2,7,1,1,2,2,6,0,1,2,3,0,2,1,1,4,2,2,1,1,6,19,26
Dominica,2019,F,1,1,4,4,3,11,4,4,4,4,16,4,3,3,10,37,3,4,4,4,15,3,4,4,11,4,4,4,3,15,4,4,3,4,15,56,93
Dominican Republic,2019,PF,3,3,3,3,3,9,3,3,3,1,10,3,2,2,7,26,2,4,4,4,14,3,4,3,10,3,2,2,1,8,2,3,2,2,9,41,67
Ecuador,2019,PF,3,3,3,3,1,7,3,2,3,3,11,3,2,2,7,25,2,4,3,3,12,3,3,3,9,1,2,2,2,7,3,2,3,2,10,38,63
Egypt,2019,NF,6,6,0,1,1,2,0,0,1,2,3,1,1,1,3,8,1,1,1,1,4,0,0,1,1,1,1,0,1,3,1,2,2,1,6,14,22
El Salvador,2019,F,2,3,4,3,4,11,4,4,2,3,13,3,2,3,8,32,2,4,3,3,12,3,3,2,8,2,2,1,2,7,2,2,2,2,8,35,67
Equatorial Guinea,2019,NF,7,7,0,0,0,0,0,0,0,0,0,0,0,0,0,0,0,2,1,0,3,0,0,0,0,0,0,0,0,0,1,1,1,0,3,6,6
Eritrea,2019,NF,7,7,0,0,0,0,0,0,0,0,0,0,1,0,1,1,0,0,0,0,0,0,0,0,0,0,0,0,0,0,0,0,1,0,1,1,2
Estonia,2019,F,1,1,4,4,4,12,4,4,4,3,15,4,3,4,11,38,4,4,4,4,16,4,4,4,12,4,4,3,3,14,4,4,3,3,14,56,94
Eswatini,2019,NF,7,6,0,0,0,0,0,0,0,1,1,0,0,0,0,1,1,2,1,1,5,0,1,1,2,1,1,1,1,4,1,1,1,1,4,15,16
Ethiopia,2019,NF,6,6,0,0,1,1,1,1,0,1,3,0,2,1,3,7,1,2,0,1,4,1,1,0,2,1,0,0,1,2,1,1,1,1,4,12,19
Fiji,2019,PF,3,3,3,2,3,8,3,1,2,3,9,3,2,2,7,24,2,4,3,3,12,3,3,2,8,2,1,2,2,7,3,3,2,2,10,37,61
Finland,2019,F,1,1,4,4,4,12,4,4,4,4,16,4,4,4,12,40,4,4,4,4,16,4,4,4,12,4,4,4,4,16,4,4,4,4,16,60,100
France,2019,F,1,2,4,4,4,12,4,4,4,3,15,4,3,4,11,38,4,3,4,3,14,3,4,4,11,4,3,3,3,13,4,4,3,3,14,52,90
Gabon,2019,NF,7,5,0,0,0,0,1,0,0,1,2,0,1,1,2,4,1,3,2,2,8,1,1,1,3,0,1,1,1,3,2,1,1,1,5,19,23
Georgia,2019,PF,3,3,2,3,3,8,3,3,2,2,10,2,2,3,7,25,2,2,3,3,10,3,3,2,8,2,2,2,2,8,4,3,3,2,12,38,63
Germany,2019,F,1,1,4,4,4,12,4,4,4,3,15,4,4,4,12,39,4,3,4,3,14,4,4,4,12,4,4,3,3,14,4,4,4,3,15,55,94
Ghana,2019,F,1,2,4,4,4,12,3,4,4,3,14,4,3,3,10,36,3,3,4,4,14,4,4,3,11,2,3,3,3,11,3,3,3,2,11,47,83
Greece,2019,F,1,2,4,4,4,12,4,4,4,3,15,3,3,3,9,36,3,3,4,4,14,4,4,4,12,3,3,3,2,11,4,3,4,3,14,51,87
Grenada,2019,F,1,2,4,4,3,11,4,4,4,4,16,4,3,3,10,37,3,4,4,4,15,4,4,3,11,4,3,3,3,13,4,3,3,3,13,52,89
Guatemala,2019,PF,4,4,3,3,2,8,3,3,2,2,10,2,1,1,4,22,2,4,3,2,11,2,2,2,6,2,1,2,1,6,3,2,2,1,8,31,53
Guinea,2019,PF,5,4,3,1,2,6,2,2,2,2,8,1,1,1,3,17,2,3,3,3,11,1,2,2,5,1,1,1,1,4,2,2,1,1,6,26,43
Guinea-Bissau,2019,PF,5,4,2,2,2,6,3,2,1,2,8,1,0,0,1,15,2,3,3,3,11,1,3,3,7,1,0,1,2,4,2,1,1,1,5,27,42
Guyana,2019,F,2,3,4,4,3,11,4,4,3,2,13,4,2,2,8,32,3,4,4,4,15,4,4,3,11,2,2,2,2,8,3,2,2,2,9,43,75
Haiti,2019,PF,5,5,2,1,2,5,2,1,2,2,7,2,1,2,5,17,2,3,2,3,10,2,1,1,4,1,1,1,1,4,2,2,2,0,6,24,41
Honduras,2019,PF,4,4,2,3,2,7,3,2,1,2,8,2,2,1,5,20,1,4,2,2,9,1,1,2,4,1,2,1,1,5,2,2,2,2,8,26,46
Hungary,2019,PF,3,3,3,3,3,9,3,2,3,3,11,3,2,2,7,27,2,3,2,3,10,4,2,4,10,2,3,3,2,10,4,3,3,3,13,43,70
Iceland,2019,F,1,1,4,4,4,12,4,4,3,4,15,4,3,3,10,37,3,4,4,4,15,4,4,4,12,4,4,4,3,15,4,4,4,3,15,57,94
India,2019,F,2,3,4,4,4,12,4,4,3,3,14,4,2,3,9,35,2,2,3,4,11,4,3,3,10,3,2,2,2,9,3,3,2,2,10,40,75
Indonesia,2019,PF,2,4,4,4,3,11,4,4,3,2,13,3,1,2,6,30,3,1,3,4,11,2,2,3,7,2,1,1,1,5,3,2,2,2,9,32,62
Iran,2019,NF,6,6,1,1,1,3,0,1,0,1,2,1,0,1,2,7,1,0,1,1,3,0,0,1,1,1,1,0,1,3,1,1,1,1,4,11,18
Iraq,2019,NF,5,6,2,3,3,8,3,3,1,1,8,1,0,1,2,17,1,1,1,2,5,1,2,2,5,0,0,1,0,1,1,1,1,1,4,15,32
Ireland,2019,F,1,1,4,4,4,12,4,4,4,4,16,4,3,4,11,39,4,4,4,4,16,4,4,4,12,4,4,3,3,14,4,4,4,4,16,58,97
Israel,2019,F,2,3,4,4,4,12,3,4,4,2,13,4,3,3,10,35,3,3,3,3,12,3,2,4,9,4,3,2,2,11,3,3,3,2,11,43,78
Italy,2019,F,1,1,4,4,4,12,4,4,3,3,14,4,3,3,10,36,3,4,4,4,15,4,4,4,12,3,3,3,3,12,4,3,4,3,14,53,89
Jamaica,2019,F,2,2,4,4,4,12,4,4,2,3,13,4,3,2,9,34,4,4,4,3,15,3,4,3,10,3,2,2,1,8,3,3,2,3,11,44,78
Japan,2019,F,1,1,4,4,4,12,4,4,4,4,16,4,4,4,12,40,3,4,4,4,15,4,4,4,12,4,4,4,3,15,4,4,3,3,14,56,96
Jordan,2019,PF,5,5,0,1,2,3,2,1,1,2,6,0,2,1,3,12,1,2,2,2,7,1,1,1,3,2,1,2,2,7,2,2,2,2,8,25,37
Kazakhstan,2019,NF,7,5,0,0,1,1,1,0,1,1,3,0,1,0,1,5,0,1,2,1,4,0,1,0,1,1,1,1,1,4,2,2,2,2,8,17,22
Kenya,2019,PF,4,4,1,3,2,6,2,2,2,2,8,2,1,2,5,19,2,2,3,3,10,2,2,3,7,2,1,1,1,5,2,1,2,2,7,29,48
Kiribati,2019,F,1,1,4,4,4,12,4,4,4,3,15,4,3,3,10,37,4,4,4,4,16,4,4,4,12,4,4,4,3,15,4,3,3,3,13,56,93
Kosovo,2019,PF,3,4,3,3,3,9,3,3,2,2,10,2,1,2,5,24,2,2,2,3,9,3,3,2,8,1,1,2,2,6,2,1,2,2,7,30,54
Kuwait,2019,PF,5,5,0,1,1,2,2,2,2,1,7,1,1,2,4,13,1,2,2,1,6,1,2,1,4,1,2,2,2,7,2,1,2,1,6,23,36
Kyrgyzstan,2019,PF,5,4,1,2,1,4,2,1,1,1,5,1,1,2,4,12,2,2,3,3,10,1,2,2,5,1,1,1,1,4,2,2,2,1,7,26,38
Laos,2019,NF,7,6,0,0,0,0,0,0,0,0,0,0,1,1,2,2,0,2,1,1,4,0,0,0,0,0,0,1,1,2,2,1,2,1,6,12,14
Latvia,2019,F,2,2,4,4,4,12,4,4,3,3,14,3,3,3,9,35,3,4,3,4,14,4,4,4,12,3,3,3,3,12,4,4,3,3,14,52,87
Lebanon,2019,PF,5,4,1,2,2,5,3,1,1,2,7,1,0,1,2,14,2,3,3,3,11,3,3,2,8,1,1,2,1,5,2,2,2,1,7,31,45
Lesotho,2019,PF,3,3,3,4,3,10,3,3,2,3,11,2,2,2,6,27,2,4,3,3,12,2,3,2,7,2,2,2,2,8,3,2,2,2,9,36,63
Liberia,2019,PF,3,3,3,3,2,8,3,3,3,3,12,3,2,2,7,27,2,3,3,3,11,3,3,2,8,2,1,2,2,7,3,2,2,2,9,35,62
Libya,2019,NF,7,6,0,0,0,0,1,0,0,0,1,0,0,0,0,1,1,1,1,1,4,1,1,0,2,0,0,0,0,0,0,1,1,0,2,8,9
Liechtenstein,2019,F,2,1,2,4,4,10,4,3,3,3,13,2,4,4,10,33,4,4,4,4,16,4,4,4,12,3,4,4,3,14,4,4,3,4,15,57,90
Lithuania,2019,F,1,1,4,4,4,12,4,4,4,4,16,4,3,3,10,38,4,4,4,4,16,4,4,3,11,3,3,3,3,12,4,4,3,3,14,53,91
Luxembourg,2019,F,1,1,4,4,4,12,4,4,4,4,16,4,3,3,10,38,4,4,4,4,16,4,4,4,12,4,4,4,4,16,4,4,4,4,16,60,98
Madagascar,2019,PF,3,4,3,3,3,9,3,3,2,2,10,2,1,2,5,24,2,2,3,3,10,2,3,3,8,2,1,2,2,7,2,2,2,1,7,32,56
Malawi,2019,PF,3,3,3,3,2,8,3,3,3,3,12,3,1,2,6,26,3,4,4,3,14,3,2,3,8,3,2,2,2,9,2,2,1,2,7,38,64
Malaysia,2019,PF,4,4,2,2,2,6,2,3,2,2,9,2,2,2,6,21,3,1,2,3,9,2,2,2,6,2,2,2,1,7,3,3,2,1,9,31,52
Maldives,2019,PF,5,5,2,2,1,5,2,2,1,1,6,1,1,1,3,14,1,0,1,1,3,2,2,2,6,0,1,2,2,5,2,2,1,2,7,21,35
Mali,2019,PF,4,4,2,2,2,6,2,2,2,2,8,2,1,1,4,18,2,2,3,3,10,2,2,2,6,2,2,1,1,6,1,1,1,1,4,26,44
Malta,2019,F,2,1,4,4,4,12,3,4,3,4,14,4,2,3,9,35,3,4,4,4,15,4,4,4,12,4,4,4,3,15,4,4,3,3,14,56,91
Marshall Islands,2019,F,1,1,4,4,4,12,4,4,4,4,16,4,3,3,10,38,4,4,4,4,16,4,4,3,11,4,4,4,3,15,4,3,3,3,13,55,93
Mauritania,2019,NF,6,5,1,2,2,5,1,1,0,0,2,1,2,1,4,11,2,2,3,2,9,1,1,2,4,1,1,1,1,4,1,2,1,0,4,21,32
Mauritius,2019,F,1,2,4,4,4,12,4,4,4,3,15,4,3,3,10,37,3,4,4,4,15,4,4,4,12,3,4,3,3,13,4,3,3,2,12,52,89
Mexico,2019,PF,3,3,3,3,3,9,4,4,2,3,13,2,1,2,5,27,2,4,4,3,13,3,2,2,7,2,1,1,2,6,3,2,3,2,10,36,63
Micronesia,2019,F,1,1,4,4,4,12,4,4,4,3,15,4,3,3,10,37,4,4,4,4,16,4,4,3,11,4,4,4,3,15,4,3,3,3,13,55,92
Moldova,2019,PF,3,4,4,3,2,9,3,3,2,3,11,2,1,1,4,24,2,3,3,3,11,3,3,2,8,1,1,2,2,6,3,2,2,2,9,34,58
Monaco,2019,F,3,1,0,4,4,8,3,2,2,3,10,2,3,3,8,26,4,4,4,4,16,4,4,4,12,3,4,4,3,14,4,3,3,4,14,56,82
Mongolia,2019,F,1,2,4,4,3,11,4,4,4,4,16,4,2,3,9,36,3,4,4,3,14,4,4,3,11,3,3,3,3,12,4,3,3,2,12,49,85
Montenegro,2019,PF,4,3,3,2,3,8,2,2,2,3,9,2,2,2,6,23,2,3,3,3,11,3,3,3,9,2,2,3,3,10,3,3,3,3,12,42,65
Morocco,2019,PF,5,5,1,2,2,5,2,2,1,1,6,1,1,1,3,14,1,2,2,2,7,1,2,2,5,1,2,2,1,6,2,2,2,1,7,25,39
Mozambique,2019,PF,4,4,2,2,1,5,2,2,2,3,9,2,1,2,5,19,2,3,2,2,9,2,3,2,7,2,2,1,2,7,3,2,2,2,9,32,51
Myanmar,2019,PF,5,5,2,2,1,5,2,3,2,1,8,2,1,1,4,13,1,1,1,2,5,2,2,2,6,0,1,0,0,1,2,1,1,1,5,17,30
Namibia,2019,F,3,2,4,3,3,10,3,2,3,3,11,3,3,2,8,29,3,4,4,3,14,3,4,4,11,3,3,3,2,11,3,3,2,2,10,46,75
Nauru,2019,F,2,2,4,4,4,12,4,3,4,3,14,3,3,2,8,34,2,4,4,3,13,3,3,3,9,2,3,3,2,10,3,3,3,3,12,44,78
Nepal,2019,PF,3,4,3,4,3,10,3,3,2,2,10,3,1,1,5,25,2,2,2,3,9,2,2,2,6,2,1,2,1,6,3,2,2,1,8,29,54
Netherlands,2019,F,1,1,4,4,4,12,4,4,4,4,16,4,4,4,12,40,4,4,4,4,16,4,4,4,12,4,4,4,3,15,4,4,4,4,16,59,99
New Zealand,2019,F,1,1,4,4,4,12,4,4,4,4,16,4,4,4,12,40,4,4,4,4,16,4,4,4,12,4,4,4,3,15,4,4,4,3,15,58,98
Nicaragua,2019,NF,6,5,1,1,1,3,1,0,1,2,4,1,1,1,3,10,1,3,2,2,8,0,0,2,2,1,0,1,2,4,2,2,2,2,8,22,32
Niger,2019,PF,4,4,2,2,2,6,2,2,2,2,8,2,2,2,6,20,2,3,3,3,11,2,2,2,6,1,2,1,2,6,2,2,1,1,6,29,49
Nigeria,2019,PF,3,5,3,3,3,9,3,3,2,2,10,2,2,2,6,25,2,1,3,3,9,2,2,3,7,2,1,0,1,4,1,2,1,1,5,25,50
North Korea,2019,NF,7,7,0,0,0,0,0,0,0,0,0,0,0,0,0,0,0,0,0,0,0,0,0,0,0,0,0,0,0,0,0,1,1,1,3,3,3
North Macedonia,2019,PF,4,3,1,2,3,6,3,2,2,3,10,2,2,2,6,22,2,3,3,3,11,3,3,2,8,2,2,2,2,8,3,3,2,2,10,37,59
Norway,2019,F,1,1,4,4,4,12,4,4,4,4,16,4,4,4,12,40,4,4,4,4,16,4,4,4,12,4,4,4,4,16,4,4,4,4,16,60,100
Oman,2019,NF,6,5,0,1,1,2,0,0,1,1,2,0,2,0,2,6,1,2,1,1,5,0,1,2,3,0,1,2,1,4,1,2,1,1,5,17,23
Pakistan,2019,PF,5,5,1,2,2,5,2,3,1,1,7,1,1,3,5,17,1,1,2,2,6,3,1,2,6,1,1,1,1,4,2,2,1,1,6,22,39
Palau,2019,F,1,1,4,4,4,12,4,4,4,3,15,4,3,3,10,37,4,4,4,4,16,4,4,3,11,4,4,4,3,15,4,3,3,3,13,55,92
Panama,2019,F,1,2,4,4,4,12,4,4,4,3,15,4,2,3,9,36,3,4,4,4,15,4,4,3,11,2,2,3,3,10,4,3,3,2,12,48,84
Papua New Guinea,2019,PF,4,3,3,2,2,7,4,4,2,3,13,2,0,1,3,23,3,4,3,4,14,3,4,3,10,3,1,2,2,8,3,2,2,2,9,41,64
Paraguay,2019,PF,3,3,3,4,3,10,3,4,3,2,12,2,2,2,6,28,2,4,3,3,12,3,3,2,8,2,1,2,2,7,3,3,2,2,10,37,65
Peru,2019,F,2,3,4,4,3,11,4,4,3,2,13,3,2,2,7,31,3,4,4,4,15,3,3,2,8,2,2,2,2,8,4,3,2,2,11,42,73
Philippines,2019,PF,3,3,3,3,3,9,3,2,2,3,10,3,2,2,7,26,2,4,4,4,14,3,2,3,8,1,0,1,1,3,3,2,3,2,10,35,61
Poland,2019,F,2,2,4,4,3,11,4,4,4,4,16,3,3,2,8,35,3,4,3,4,14,3,3,4,10,1,3,4,3,11,4,4,3,3,14,49,84
Portugal,2019,F,1,1,4,4,4,12,4,4,4,4,16,4,3,4,11,39,4,4,4,4,16,4,4,4,12,4,4,3,3,14,4,4,4,3,15,57,96
Qatar,2019,NF,6,5,0,1,1,2,0,0,1,1,2,0,2,1,3,7,1,2,2,2,7,1,0,1,2,1,1,3,0,5,1,1,1,1,4,18,25
Romania,2019,F,2,2,4,4,3,11,4,4,3,3,14,4,2,3,9,34,3,3,3,4,13,3,4,3,10,3,3,3,3,12,4,2,3,3,12,47,81
Russia,2019,NF,7,6,0,0,0,0,1,0,1,1,3,0,1,1,2,5,0,1,1,1,3,1,0,2,3,1,1,0,0,2,2,1,2,2,7,15,20
Rwanda,2019,NF,6,6,0,1,1,2,1,0,0,1,2,1,2,2,5,9,0,2,1,0,3,0,1,1,2,0,1,0,1,2,2,2,2,1,7,14,23
Samoa,2019,F,2,2,3,3,3,9,3,3,3,3,12,3,3,3,9,30,3,3,4,4,14,4,3,4,11,4,3,4,3,14,3,3,3,3,12,51,81
San Marino,2019,F,1,1,4,4,4,12,4,4,4,3,15,4,3,4,11,38,3,4,4,4,15,4,4,4,12,4,4,4,3,15,4,4,3,4,15,57,95
Sao Tome and Principe,2019,F,2,2,4,4,3,11,4,4,3,3,14,4,2,3,9,34,3,4,4,4,15,4,4,3,11,3,3,3,3,12,4,3,2,2,11,49,83
Saudi Arabia,2019,NF,7,7,0,0,0,0,0,0,0,0,0,0,1,0,1,1,0,0,1,1,2,0,0,0,0,1,1,0,0,2,0,1,0,1,2,6,7
Senegal,2019,F,2,3,4,3,3,10,3,3,3,3,12,3,2,3,8,30,2,4,4,3,13,2,4,3,9,2,2,3,2,9,3,3,3,2,11,42,72
Serbia,2019,PF,3,3,3,2,3,8,3,2,2,3,10,2,2,2,6,24,2,4,3,3,12,4,3,3,10,2,2,3,2,9,4,3,3,2,12,43,67
Seychelles,2019,PF,3,3,3,4,3,10,3,3,3,2,11,3,2,2,7,28,2,4,3,3,12,3,3,3,9,2,3,3,3,11,3,3,2,3,11,43,71
Sierra Leone,2019,PF,3,3,3,3,4,10,2,3,3,3,11,3,1,3,7,28,2,4,3,3,12,2,2,2,6,2,2,3,2,9,3,3,2,2,10,37,65
Singapore,2019,PF,4,4,1,2,1,4,2,2,2,2,8,2,3,2,7,19,2,3,1,3,9,2,1,1,4,1,2,2,2,7,3,3,3,3,12,32,51
Slovakia,2019,F,1,2,4,4,4,12,4,4,4,3,15,4,3,2,9,36,2,4,4,4,14,4,4,4,12,3,3,3,3,12,4,4,3,3,14,52,88
Slovenia,2019,F,1,1,4,4,4,12,4,4,4,4,16,4,3,4,11,39,3,3,4,4,14,4,4,4,12,4,4,4,3,15,4,4,3,3,14,55,94
Solomon Islands,2019,F,2,2,3,3,3,9,4,4,3,3,14,3,3,1,7,30,4,4,4,4,16,3,4,3,10,4,2,3,2,11,3,3,3,3,12,49,79
Somalia,2019,NF,7,7,0,0,0,0,1,0,0,0,1,0,0,0,0,1,1,0,1,1,3,1,1,1,3,0,0,0,0,0,0,0,0,0,0,6,7
South Africa,2019,F,2,2,4,4,4,12,3,3,3,4,13,3,2,3,8,33,3,4,4,4,15,4,4,4,12,3,2,2,2,9,3,3,2,2,10,46,79
South Korea,2019,F,2,2,4,4,3,11,3,4,3,3,13,4,3,2,9,33,3,4,3,4,14,4,3,4,11,3,3,3,3,12,4,3,3,3,13,50,83
South Sudan,2019,NF,7,7,0,0,1,1,1,0,0,0,1,0,0,0,0,-2,0,1,1,0,2,1,0,1,2,0,0,0,0,0,0,0,0,0,0,4,2
Spain,2019,F,1,1,4,4,4,12,4,4,4,4,16,4,3,4,11,39,3,4,4,3,14,3,4,4,11,4,4,4,3,15,4,4,4,3,15,55,94
Sri Lanka,2019,PF,3,4,3,3,3,9,3,3,2,2,10,2,2,2,6,24,2,2,2,2,8,2,3,3,8,3,2,2,1,8,2,2,2,2,8,32,56
St. Kitts and Nevis,2019,F,1,1,4,3,3,10,4,4,4,4,16,4,3,3,10,36,3,4,4,4,15,4,4,4,12,4,3,3,3,13,4,3,3,3,13,53,89
St. Lucia,2019,F,1,1,4,4,3,11,4,4,4,4,16,4,3,4,11,38,3,4,4,4,15,4,4,4,12,4,3,3,3,13,4,4,3,3,14,54,92
St. Vincent and the Grenadines,2019,F,1,1,4,4,3,11,4,4,4,3,15,4,3,3,10,36,3,4,4,4,15,4,4,4,12,4,3,4,3,14,4,4,3,3,14,55,91
Sudan,2019,NF,7,7,1,1,0,2,1,0,1,1,3,1,0,0,1,3,0,0,1,1,2,0,1,0,1,0,0,0,0,0,0,1,0,0,1,4,7
Suriname,2019,F,2,3,4,4,4,12,4,4,3,3,14,4,2,2,8,34,3,4,4,3,14,4,4,3,11,2,1,3,2,8,3,2,3,2,10,43,77
Sweden,2019,F,1,1,4,4,4,12,4,4,4,4,16,4,4,4,12,40,4,4,4,4,16,4,4,4,12,4,4,4,4,16,4,4,4,4,16,60,100
Switzerland,2019,F,1,1,4,4,4,12,4,4,4,3,15,4,4,4,12,39,4,3,4,4,15,4,4,4,12,4,4,4,3,15,4,4,4,3,15,57,96
Syria,2019,NF,7,7,0,0,0,0,0,0,0,0,0,0,0,0,0,-3,0,2,0,1,3,0,0,0,0,0,0,0,0,0,0,0,0,0,0,3,0
Taiwan,2019,F,1,1,4,4,4,12,4,4,3,4,15,4,3,3,10,37,4,4,4,4,16,4,4,3,11,4,4,4,3,15,4,3,4,3,14,56,93
Tajikistan,2019,NF,7,6,0,0,0,0,0,0,0,0,0,0,0,0,0,0,0,0,1,1,2,0,1,1,2,0,0,0,1,1,1,1,1,1,4,9,9
Tanzania,2019,PF,4,5,3,2,2,7,1,1,3,2,7,2,2,2,6,20,1,3,2,1,7,2,1,2,5,2,2,1,1,6,2,2,1,2,7,25,45
Thailand,2019,NF,7,5,0,0,0,0,1,1,0,1,3,0,1,1,2,5,1,3,1,1,6,1,1,2,4,1,1,1,2,5,3,2,3,2,10,25,30
The Gambia,2019,PF,4,5,2,3,2,7,2,3,2,2,9,2,1,1,4,20,2,2,2,2,8,2,2,2,6,1,1,2,1,5,2,2,1,1,6,25,45
Timor-Leste,2019,F,2,3,4,4,3,11,4,4,3,3,14,3,2,2,7,32,3,3,4,4,14,3,3,2,8,1,1,3,2,7,3,2,2,2,9,38,70
Togo,2019,PF,5,4,2,1,1,4,2,1,1,2,6,2,1,2,5,15,2,3,2,2,9,1,2,3,6,2,1,2,1,6,2,2,1,2,7,28,43
Tonga,2019,F,2,2,3,3,3,9,4,4,3,3,14,3,2,2,7,30,2,4,4,4,14,4,3,3,10,3,3,3,3,12,4,3,3,3,13,49,79
Trinidad and Tobago,2019,F,2,2,4,4,3,11,3,4,3,3,13,4,2,3,9,33,4,4,4,4,16,4,4,3,11,3,2,2,2,9,4,3,3,3,13,49,82
Tunisia,2019,F,2,3,4,4,3,11,4,4,3,3,14,3,1,2,6,31,2,3,3,4,12,2,2,3,7,2,2,3,2,9,3,2,3,2,10,38,69
Turkey,2019,NF,5,6,2,2,1,5,2,1,3,1,7,2,1,0,3,15,1,2,1,1,5,1,1,1,3,1,0,1,1,3,1,1,2,1,5,16,31
Turkmenistan,2019,NF,7,7,0,0,0,0,0,0,0,0,0,0,0,0,0,0,0,0,0,0,0,0,0,0,0,0,0,0,0,0,0,1,1,0,2,2,2
Tuvalu,2019,F,1,1,4,4,4,12,4,4,4,3,15,4,3,3,10,37,4,4,4,4,16,4,4,4,12,4,4,4,3,15,4,3,3,3,13,56,93
Uganda,2019,NF,6,5,1,1,1,3,1,1,1,2,5,1,1,1,3,11,2,3,3,2,10,1,1,2,4,1,1,1,1,4,3,2,1,1,7,25,36
Ukraine,2019,PF,3,4,4,3,2,9,3,3,2,3,11,3,1,2,6,26,2,3,3,3,11,2,2,3,7,1,2,1,2,6,3,2,3,2,10,34,60
United Arab Emirates,2019,NF,7,6,0,1,0,1,0,0,1,1,2,0,2,0,2,5,0,1,1,1,3,1,0,1,2,0,1,1,1,3,1,1,1,1,4,12,17
United Kingdom,2019,F,1,1,4,4,4,12,4,4,4,4,16,3,4,4,11,39,4,4,3,3,14,4,4,4,12,4,4,3,3,14,4,4,3,3,14,54,93
United States,2019,F,2,1,3,4,3,10,4,4,3,3,14,3,3,3,9,33,4,4,4,4,16,4,4,3,11,3,3,3,2,11,4,4,4,3,15,53,86
Uruguay,2019,F,1,1,4,4,4,12,4,4,4,4,16,4,4,4,12,40,4,4,4,4,16,4,4,4,12,4,3,4,4,15,4,4,4,3,15,58,98
Uzbekistan,2019,NF,7,6,0,0,0,0,0,0,0,0,0,0,0,1,1,1,0,0,1,1,2,0,1,0,1,0,0,1,0,1,1,1,1,1,4,8,9
Vanuatu,2019,F,2,2,3,4,3,10,4,4,4,3,15,3,2,3,8,33,3,4,4,4,15,4,4,3,11,4,2,3,3,12,4,3,2,2,11,49,82
Venezuela,2019,NF,7,6,0,0,0,0,0,0,1,2,3,0,0,0,0,3,1,3,2,1,7,0,1,1,2,0,0,0,1,1,2,1,3,0,6,16,19
Vietnam,2019,NF,7,5,0,0,0,0,0,0,0,1,1,0,1,1,2,3,1,1,1,1,4,1,0,0,1,1,1,1,1,4,2,1,3,2,8,17,20
Yemen,2019,NF,7,6,0,0,0,0,1,0,0,0,1,0,0,0,0,1,0,1,1,1,3,1,1,1,3,1,0,0,1,2,0,1,1,0,2,10,11
Zambia,2019,PF,4,4,2,2,2,6,2,2,3,3,10,2,2,2,6,22,1,3,3,2,9,2,2,3,7,2,2,2,2,8,3,2,2,1,8,32,54
Zimbabwe,2019,PF,5,5,1,1,1,3,2,2,1,1,6,1,1,1,3,12,1,3,2,2,8,1,2,1,4,1,0,0,1,2,2,1,1,1,5,19,31
Afghanistan,2018,NF,5,6,1,0,1,2,2,2,1,2,7,1,1,1,3,12,2,1,1,2,6,2,1,1,4,1,0,0,1,2,0,1,0,1,2,14,26
Albania,2018,PF,3,3,3,3,2,8,3,4,3,3,13,3,2,2,7,28,2,4,3,4,13,4,3,2,9,2,2,2,3,9,3,2,2,2,9,40,68
Algeria,2018,NF,6,5,1,1,1,3,1,1,1,1,4,1,1,1,3,10,1,1,2,3,7,2,1,2,5,1,1,2,2,6,2,2,2,1,7,25,35
Andorra,2018,F,1,1,4,4,4,12,4,4,4,3,15,4,4,4,12,39,3,4,4,4,15,4,4,3,11,4,4,4,3,15,4,4,4,4,16,57,96
Angola,2018,NF,6,6,0,2,1,3,2,1,1,2,6,1,0,0,1,10,1,2,2,2,7,1,1,1,3,1,1,0,1,3,1,1,1,0,3,16,26
Antigua and Barbuda,2018,F,2,2,4,4,4,12,3,4,3,3,13,3,2,3,8,33,3,4,4,4,15,3,3,3,9,3,3,4,3,13,4,3,3,3,13,50,83
Argentina,2018,F,2,2,4,4,3,11,4,3,4,3,14,3,2,3,8,33,3,4,4,4,15,4,4,3,11,2,3,2,3,10,4,3,4,3,14,50,83
Armenia,2018,PF,5,4,1,1,2,4,2,2,1,2,7,1,1,2,4,15,2,2,2,3,9,2,2,2,6,1,1,2,2,6,3,2,2,2,9,30,45
Australia,2018,F,1,1,4,4,4,12,4,4,4,4,16,4,4,4,12,40,4,4,4,4,16,4,4,4,12,4,4,4,3,15,4,4,4,3,15,58,98
Austria,2018,F,1,1,4,4,4,12,4,4,4,3,15,4,3,3,10,37,4,3,4,4,15,4,4,4,12,4,4,4,3,15,4,4,4,3,15,57,94
Azerbaijan,2018,NF,7,6,0,0,1,1,1,0,1,0,2,0,0,0,0,3,0,0,1,1,2,0,0,1,1,0,1,0,0,1,1,1,2,1,5,9,12
Bahamas,2018,F,1,1,4,4,4,12,4,4,4,4,16,4,3,3,10,38,3,4,4,4,15,4,4,4,12,4,3,4,2,13,3,4,3,3,13,53,91
Bahrain,2018,NF,7,6,0,1,1,2,0,0,0,0,0,1,2,0,3,2,0,1,0,1,2,0,0,1,1,0,1,0,0,1,1,2,2,1,6,10,12
Bangladesh,2018,PF,4,4,2,2,3,7,2,1,2,2,7,2,1,2,5,19,1,2,2,2,7,2,2,1,5,2,1,1,1,5,3,2,2,2,9,26,45
Barbados,2018,F,1,1,4,4,4,12,4,4,4,4,16,4,3,3,10,38,4,4,4,4,16,4,4,4,12,4,4,4,3,15,4,4,3,4,15,58,96
Belarus,2018,NF,6,6,0,0,0,0,1,1,1,1,4,0,1,1,2,6,1,1,0,1,3,1,1,1,3,0,1,0,1,2,2,2,2,1,7,15,21
Belgium,2018,F,1,1,4,4,4,12,4,4,4,4,16,4,3,4,11,39,4,3,4,4,15,4,4,4,12,4,4,3,3,14,4,4,4,3,15,56,95
Belize,2018,F,1,2,4,4,4,12,4,4,4,2,14,4,2,4,10,36,3,4,4,4,15,3,4,3,10,3,3,3,3,12,4,3,3,3,13,50,86
Benin,2018,F,2,2,3,3,3,9,4,4,4,4,16,3,2,3,8,33,3,4,4,4,15,4,4,4,12,3,3,3,3,12,3,3,2,2,10,49,82
Bhutan,2018,PF,3,4,3,4,3,10,3,4,2,1,10,3,3,3,9,28,2,2,2,3,9,2,1,1,4,3,1,1,1,6,2,2,2,2,8,27,55
Bolivia,2018,PF,3,3,4,4,2,10,3,2,3,3,11,3,2,2,7,28,2,4,4,4,14,3,3,3,9,1,1,2,2,6,3,2,3,2,10,39,67
Bosnia and Herzegovina,2018,PF,4,4,3,2,2,7,3,3,2,2,10,2,1,1,4,21,2,3,2,3,10,3,2,2,7,1,2,2,2,7,3,2,3,2,10,34,55
Botswana,2018,F,3,2,3,4,3,10,3,2,3,2,10,3,3,2,8,28,2,4,3,3,12,4,4,2,10,3,3,3,2,11,3,3,2,3,11,44,72
Brazil,2018,F,2,2,4,3,4,11,4,4,3,3,14,2,2,2,6,31,3,4,4,4,15,3,4,3,10,3,2,2,2,9,4,3,3,3,13,47,78
Brunei,2018,NF,6,5,0,0,0,0,1,0,1,1,3,0,2,1,3,6,1,1,2,2,6,1,1,1,3,1,2,2,1,6,2,2,1,2,7,22,28
Bulgaria,2018,F,2,2,4,4,3,11,4,4,3,3,14,4,2,2,8,33,3,3,4,4,14,4,4,3,11,3,2,3,2,10,4,3,3,2,12,47,80
Burkina Faso,2018,PF,4,3,2,2,3,7,2,3,2,3,10,2,2,2,6,23,3,4,3,3,13,3,3,3,9,2,2,1,2,7,2,2,2,2,8,37,60
Burundi,2018,NF,7,6,0,0,1,1,1,0,0,2,3,0,0,0,0,4,0,3,2,1,6,0,1,1,2,0,0,0,1,1,1,2,1,1,5,14,18
Cabo Verde,2018,F,1,1,4,4,4,12,4,4,4,3,15,4,3,3,10,37,3,4,4,4,15,4,4,3,11,4,3,4,3,14,4,3,3,3,13,53,90
Cambodia,2018,NF,6,5,1,1,2,4,1,0,1,1,3,1,1,1,3,10,1,3,2,2,8,1,1,1,3,0,1,1,1,3,2,1,2,1,6,20,30
Cameroon,2018,NF,6,6,1,1,1,3,1,0,1,1,3,1,1,1,3,9,1,2,2,1,6,0,1,1,2,0,1,0,0,1,1,1,1,1,4,13,22
Canada,2018,F,1,1,4,4,4,12,4,4,4,4,16,4,4,4,12,40,4,4,4,4,16,4,4,4,12,4,4,4,3,15,4,4,4,4,16,59,99
Central African Republic,2018,NF,7,7,1,1,1,3,1,1,0,0,2,0,0,0,0,4,1,0,2,1,4,0,0,1,1,0,0,0,0,0,0,0,0,0,0,5,9
Chad,2018,NF,7,6,1,0,1,2,1,0,0,0,1,1,0,0,1,4,1,1,2,2,6,1,1,2,4,0,1,0,0,1,1,1,0,1,3,14,18
Chile,2018,F,1,1,4,4,4,12,4,4,4,3,15,4,3,3,10,37,4,4,4,4,16,4,4,4,12,4,4,3,3,14,4,4,4,3,15,57,94
China,2018,NF,7,6,0,0,0,0,0,0,0,0,0,0,1,1,2,0,1,0,1,1,3,1,1,1,3,1,1,0,0,2,1,1,2,2,6,14,14
Colombia,2018,PF,3,3,4,3,3,10,3,3,2,3,11,3,2,3,8,29,2,4,3,3,12,2,2,1,5,3,2,2,2,9,3,2,3,2,10,36,65
Comoros,2018,PF,3,4,3,3,3,9,3,3,3,2,11,2,1,1,4,24,2,2,3,3,10,2,2,3,7,2,2,2,2,8,2,2,1,1,6,31,55
Congo (Brazzaville),2018,NF,7,5,0,0,0,0,1,0,0,1,2,0,0,0,0,2,1,3,1,2,7,1,2,2,5,0,1,0,0,1,2,2,1,1,6,19,21
Congo (Kinshasa),2018,NF,7,6,0,0,0,0,1,0,1,1,3,0,0,1,1,4,1,3,2,1,7,0,1,1,2,0,0,0,0,0,1,1,1,1,4,13,17
Costa Rica,2018,F,1,1,4,4,4,12,4,4,4,3,15,4,3,4,11,38,4,4,4,4,16,4,4,3,11,4,3,3,3,13,4,3,3,3,13,53,91
Cote d'Ivoire,2018,PF,4,4,3,2,2,7,2,2,2,2,8,2,1,1,4,19,2,3,3,3,11,2,3,3,8,1,1,2,2,6,2,2,1,2,7,32,51
Croatia,2018,F,1,2,4,4,4,12,4,4,4,3,15,4,3,3,10,37,3,3,3,4,13,4,4,4,12,3,3,3,2,11,4,3,3,3,13,49,86
Cuba,2018,NF,7,6,0,0,0,0,0,0,0,0,0,0,1,0,1,1,1,3,0,1,5,0,0,0,0,0,0,1,1,2,1,1,3,1,6,13,14
Cyprus,2018,F,1,1,4,4,3,11,4,4,4,4,16,4,3,4,11,38,4,4,3,4,15,4,4,4,12,4,4,4,3,15,3,4,4,3,14,56,94
Czech Republic,2018,F,1,1,4,4,4,12,4,4,4,3,15,4,3,3,10,37,4,3,4,4,15,4,4,4,12,3,4,4,3,14,4,4,4,3,15,56,93
Denmark,2018,F,1,1,4,4,4,12,4,4,4,4,16,4,4,4,12,40,4,4,4,4,16,4,4,4,12,4,3,4,3,14,4,4,3,4,15,57,97
Djibouti,2018,NF,6,5,0,1,1,2,1,0,1,1,3,0,1,1,2,7,1,1,2,2,6,0,1,2,3,0,2,1,1,4,2,2,1,1,6,19,26
Dominica,2018,F,1,1,4,4,3,11,4,4,4,4,16,4,3,3,10,37,3,4,4,4,15,3,4,4,11,4,4,4,3,15,4,4,3,4,15,56,93
Dominican Republic,2018,PF,3,3,3,3,3,9,3,3,3,1,10,3,2,2,7,26,2,4,4,4,14,3,4,3,10,3,2,2,1,8,2,3,2,2,9,41,67
Ecuador,2018,PF,3,3,3,3,1,7,3,2,3,3,11,3,2,2,7,25,2,4,3,3,12,3,2,2,7,1,1,2,2,6,3,2,3,2,10,35,60
Egypt,2018,NF,6,6,1,1,1,3,1,0,1,2,4,1,1,1,3,10,1,1,1,2,5,1,0,1,2,1,1,0,1,3,1,2,2,1,6,16,26
El Salvador,2018,F,2,3,4,3,4,11,4,4,3,3,14,3,3,3,9,34,2,4,3,3,12,3,3,2,8,3,2,1,2,8,2,2,2,2,8,36,70
Equatorial Guinea,2018,NF,7,7,0,0,0,0,1,0,0,0,1,0,0,0,0,1,0,2,1,0,3,0,0,0,0,0,0,0,0,0,1,1,1,0,3,6,7
Eritrea,2018,NF,7,7,0,0,0,0,0,0,0,0,0,0,1,0,1,1,0,0,0,0,0,0,0,0,0,0,0,0,0,0,0,0,2,0,2,2,3
Estonia,2018,F,1,1,4,4,4,12,4,4,4,3,15,4,3,4,11,38,4,4,4,4,16,4,4,4,12,4,4,3,3,14,4,4,3,3,14,56,94
Eswatini,2018,NF,7,6,0,0,0,0,0,0,0,1,1,0,0,0,0,1,1,2,1,1,5,0,1,1,2,1,1,1,1,4,1,1,1,1,4,15,16
Ethiopia,2018,NF,7,6,0,0,1,1,0,0,0,0,0,0,2,1,3,4,0,2,0,0,2,0,0,0,0,1,0,0,1,2,1,1,1,1,4,8,12
Fiji,2018,PF,3,3,3,2,3,8,3,1,2,3,9,3,2,2,7,24,2,4,3,3,12,2,2,2,6,2,1,2,2,7,3,3,2,2,10,35,59
Finland,2018,F,1,1,4,4,4,12,4,4,4,4,16,4,4,4,12,40,4,4,4,4,16,4,4,4,12,4,4,4,4,16,4,4,4,4,16,60,100
France,2018,F,1,2,4,4,4,12,4,4,4,3,15,4,3,4,11,38,4,3,4,3,14,3,4,4,11,4,3,3,3,13,4,4,3,3,14,52,90
Gabon,2018,NF,7,5,0,0,0,0,1,0,0,1,2,0,1,1,2,4,1,3,2,2,8,1,1,1,3,0,1,1,1,3,2,1,1,1,5,19,23
Georgia,2018,PF,3,3,3,3,3,9,3,3,2,2,10,2,2,3,7,26,2,2,4,3,11,3,3,2,8,2,2,2,2,8,3,3,3,2,11,38,64
Germany,2018,F,1,1,4,4,4,12,4,4,4,3,15,4,4,4,12,39,4,3,4,3,14,4,4,4,12,4,4,3,3,14,4,4,4,3,15,55,94
Ghana,2018,F,1,2,4,4,4,12,4,4,4,3,15,4,3,3,10,37,3,3,4,4,14,4,4,3,11,2,3,3,3,11,3,3,2,2,10,46,83
Greece,2018,F,2,2,4,4,4,12,4,4,4,3,15,3,2,3,8,35,3,3,4,4,14,4,4,4,12,3,3,3,2,11,4,3,3,3,13,50,85
Grenada,2018,F,1,2,4,4,3,11,4,4,4,4,16,4,3,3,10,37,3,4,4,4,15,4,4,3,11,3,3,3,3,12,4,3,3,3,13,51,88
Guatemala,2018,PF,4,4,3,3,2,8,3,3,2,2,10,2,2,1,5,23,2,4,3,3,12,2,2,2,6,2,2,2,1,7,3,2,2,1,8,33,56
Guinea,2018,PF,5,5,3,1,2,6,2,2,2,2,8,1,1,1,3,17,1,3,3,3,10,1,2,2,5,1,1,1,1,4,1,2,1,1,5,24,41
Guinea-Bissau,2018,PF,5,5,2,3,2,7,3,2,1,2,8,1,0,0,1,16,1,3,3,3,10,1,2,3,6,1,0,1,2,4,2,1,1,1,5,25,41
Guyana,2018,F,2,3,4,4,3,11,4,4,3,2,13,4,2,2,8,32,3,4,4,4,15,3,4,3,10,2,2,2,2,8,3,2,2,2,9,42,74
Haiti,2018,PF,5,5,2,1,2,5,2,1,2,2,7,2,1,2,5,17,2,3,2,3,10,2,1,1,4,1,1,1,1,4,2,2,2,0,6,24,41
Honduras,2018,PF,4,4,2,3,2,7,3,2,1,2,8,2,2,1,5,20,1,4,2,2,9,1,1,2,4,1,2,1,1,5,2,2,2,2,8,26,46
Hungary,2018,F,3,2,3,3,3,9,3,3,3,3,12,3,2,2,7,28,2,4,2,3,11,4,2,4,10,2,3,3,2,10,4,3,3,3,13,44,72
Iceland,2018,F,1,1,4,4,4,12,4,4,3,4,15,4,3,3,10,37,3,4,4,4,15,4,4,4,12,4,4,4,3,15,4,4,4,4,16,58,95
India,2018,F,2,3,4,4,4,12,4,4,3,3,14,4,2,3,9,35,3,3,3,4,13,4,3,3,10,3,2,2,2,9,3,3,2,2,10,42,77
Indonesia,2018,PF,2,4,4,4,3,11,4,4,3,2,13,3,1,2,6,30,3,1,4,4,12,2,3,3,8,2,1,1,1,5,3,2,2,2,9,34,64
Iran,2018,NF,6,6,1,1,1,3,0,1,0,1,2,1,0,1,2,7,1,0,1,1,3,0,0,1,1,1,1,0,1,3,1,1,1,1,4,11,18
Iraq,2018,NF,5,6,2,3,3,8,3,2,1,1,7,1,0,1,2,16,1,1,1,2,5,2,2,2,6,0,0,0,0,0,1,1,1,1,4,15,31
Ireland,2018,F,1,1,4,4,4,12,4,4,4,4,16,4,3,4,11,39,4,4,4,4,16,4,4,4,12,4,4,3,3,14,4,4,3,4,15,57,96
Israel,2018,F,1,3,4,4,4,12,3,4,4,3,14,4,3,3,10,36,3,3,3,3,12,3,2,4,9,4,3,2,2,11,3,3,3,2,11,43,79
Italy,2018,F,1,1,4,4,4,12,4,4,3,3,14,4,3,3,10,36,3,4,4,4,15,4,4,4,12,3,3,3,3,12,4,3,4,3,14,53,89
Jamaica,2018,F,2,3,4,4,4,12,4,4,2,3,13,4,3,2,9,34,4,4,4,3,15,3,3,3,9,3,2,2,1,8,3,3,2,3,11,43,77
Japan,2018,F,1,1,4,4,4,12,4,4,4,4,16,4,4,4,12,40,3,4,4,4,15,4,4,4,12,4,4,4,3,15,4,4,3,3,14,56,96
Jordan,2018,PF,5,5,0,1,2,3,2,1,1,2,6,0,2,1,3,12,1,2,2,2,7,1,1,1,3,2,1,2,2,7,2,2,2,2,8,25,37
Kazakhstan,2018,NF,7,5,0,0,1,1,1,0,1,1,3,0,1,0,1,5,0,1,2,1,4,0,1,0,1,1,1,1,1,4,2,2,2,2,8,17,22
Kenya,2018,PF,4,4,1,3,2,6,2,2,2,2,8,2,1,2,5,19,2,2,3,3,10,2,2,3,7,2,1,1,1,5,2,1,2,2,7,29,48
Kiribati,2018,F,1,1,4,4,4,12,4,4,4,4,16,4,3,3,10,38,3,4,4,4,15,4,4,4,12,4,4,4,3,15,4,3,3,3,13,55,93
Kosovo,2018,PF,3,4,3,3,3,9,3,3,2,2,10,2,1,2,5,24,2,2,2,3,9,2,2,2,6,1,1,2,2,6,2,1,2,2,7,28,52
Kuwait,2018,PF,5,5,0,1,1,2,2,2,2,1,7,1,1,2,4,13,1,2,2,1,6,1,2,1,4,1,2,2,2,7,2,1,2,1,6,23,36
Kyrgyzstan,2018,PF,5,5,1,2,1,4,2,1,1,1,5,1,1,2,4,12,2,2,3,3,10,1,1,2,4,1,1,1,1,4,2,2,2,1,7,25,37
Laos,2018,NF,7,6,0,0,0,0,0,0,0,0,0,0,0,1,1,1,0,2,1,1,4,0,0,0,0,0,0,1,1,2,1,1,2,1,5,11,12
Latvia,2018,F,2,2,4,4,4,12,4,4,3,3,14,3,3,3,9,35,3,4,4,4,15,4,4,4,12,3,3,3,3,12,4,4,3,2,13,52,87
Lebanon,2018,PF,6,4,0,1,2,3,3,1,1,2,7,0,0,1,1,11,3,3,3,3,12,3,3,2,8,1,1,2,1,5,2,2,2,1,7,32,43
Lesotho,2018,PF,3,3,3,4,3,10,3,3,2,3,11,2,2,2,6,27,2,4,3,3,12,2,3,2,7,3,2,2,2,9,3,2,2,2,9,37,64
Liberia,2018,PF,3,3,3,3,2,8,3,3,3,3,12,3,2,2,7,27,2,3,3,3,11,3,3,2,8,2,1,2,2,7,3,2,2,2,9,35,62
Libya,2018,NF,7,6,0,0,0,0,1,0,0,0,1,0,0,0,0,1,1,1,1,1,4,1,1,0,2,0,0,0,0,0,0,1,1,0,2,8,9
Liechtenstein,2018,F,2,1,2,4,4,10,4,3,3,3,13,2,4,4,10,33,4,4,4,4,16,4,4,4,12,3,4,4,3,14,4,4,3,4,15,57,90
Lithuania,2018,F,1,1,4,4,4,12,4,4,4,4,16,4,3,3,10,38,4,4,4,4,16,4,4,3,11,3,3,3,3,12,4,4,3,3,14,53,91
Luxembourg,2018,F,1,1,4,4,4,12,4,4,4,4,16,4,3,3,10,38,4,4,4,4,16,4,4,4,12,4,4,4,4,16,4,4,4,4,16,60,98
Madagascar,2018,PF,3,4,3,3,3,9,3,3,2,2,10,2,1,2,5,24,2,2,3,3,10,2,3,3,8,1,1,2,2,6,3,2,2,1,8,32,56
Malawi,2018,PF,3,3,3,3,2,8,3,3,3,3,12,3,1,2,6,26,3,4,3,3,13,3,2,3,8,3,2,2,2,9,2,2,1,2,7,37,63
Malaysia,2018,PF,4,4,2,2,2,6,2,2,2,1,7,2,1,2,5,18,2,1,2,2,7,2,2,2,6,1,2,1,1,5,3,3,2,1,9,27,45
Maldives,2018,PF,5,5,2,2,1,5,2,1,1,1,5,2,1,1,4,14,1,0,1,1,3,1,2,2,5,1,1,2,2,6,2,2,1,2,7,21,35
Mali,2018,PF,5,4,2,2,2,6,2,2,1,2,7,2,1,1,4,17,2,3,3,3,11,2,2,2,6,2,2,1,1,6,1,1,1,1,4,27,44
Malta,2018,F,1,1,4,4,4,12,3,4,3,4,14,4,3,3,10,36,3,4,4,4,15,4,4,4,12,4,4,4,3,15,4,4,3,3,14,56,92
Marshall Islands,2018,F,1,1,4,4,4,12,3,4,4,4,15,4,3,3,10,37,4,4,4,4,16,4,4,3,11,4,4,4,3,15,4,3,3,3,13,55,92
Mauritania,2018,NF,6,5,1,1,1,3,1,1,0,0,2,1,2,1,4,9,2,2,3,2,9,1,1,2,4,1,1,1,1,4,1,2,1,0,4,21,30
Mauritius,2018,F,1,2,4,4,4,12,4,4,4,3,15,4,3,3,10,37,3,4,4,4,15,4,4,4,12,3,4,3,3,13,4,3,3,2,12,52,89
Mexico,2018,PF,3,3,3,3,3,9,3,4,2,3,12,2,1,2,5,26,2,4,4,3,13,3,2,2,7,2,1,1,2,6,3,2,3,2,10,36,62
Micronesia,2018,F,1,1,4,4,4,12,4,4,4,3,15,4,3,3,10,37,4,4,4,4,16,4,4,3,11,4,4,4,3,15,4,4,3,3,14,56,93
Moldova,2018,PF,3,3,4,3,3,10,3,3,2,3,11,3,1,1,5,26,2,3,3,4,12,3,3,2,8,1,1,2,2,6,3,2,2,2,9,35,61
Monaco,2018,F,3,1,0,4,3,7,3,2,2,3,10,2,3,3,8,25,4,4,4,4,16,4,4,4,12,3,4,4,4,15,4,3,3,4,14,57,82
Mongolia,2018,F,1,2,4,4,3,11,4,4,4,4,16,4,2,3,9,36,3,4,4,3,14,4,4,3,11,3,3,3,3,12,4,3,3,2,12,49,85
Montenegro,2018,PF,3,3,3,2,3,8,2,2,3,3,10,3,2,2,7,25,2,3,3,3,11,3,3,3,9,2,2,3,3,10,3,3,3,3,12,42,67
Morocco,2018,PF,5,5,1,2,2,5,2,2,1,1,6,1,1,1,3,14,1,2,2,2,7,1,2,2,5,1,2,2,1,6,2,2,2,1,7,25,39
Mozambique,2018,PF,4,4,2,2,2,6,2,2,2,3,9,2,1,2,5,20,2,3,2,2,9,2,3,2,7,2,2,1,2,7,3,2,2,2,9,32,52
Myanmar,2018,PF,5,5,2,2,1,5,2,3,2,1,8,2,1,1,4,13,2,1,1,2,6,2,2,2,6,0,1,0,0,1,2,1,1,1,5,18,31
Namibia,2018,F,2,2,4,3,3,10,3,2,3,3,11,3,3,3,9,30,3,4,4,3,14,4,4,4,12,3,3,3,2,11,3,3,2,2,10,47,77
Nauru,2018,F,2,2,4,4,4,12,4,3,4,4,15,3,3,2,8,35,2,4,4,3,13,3,3,3,9,2,3,3,2,10,4,4,3,3,14,46,81
Nepal,2018,PF,3,4,3,4,3,10,3,3,2,2,10,3,1,1,5,25,3,2,2,3,10,2,2,2,6,2,1,2,1,6,3,2,2,1,8,30,55
Netherlands,2018,F,1,1,4,4,4,12,4,4,4,4,16,4,4,4,12,40,4,4,4,4,16,4,4,4,12,4,4,4,3,15,4,4,4,4,16,59,99
New Zealand,2018,F,1,1,4,4,4,12,4,4,4,4,16,4,4,4,12,40,4,4,4,4,16,4,4,4,12,4,4,4,3,15,4,4,4,3,15,58,98
Nicaragua,2018,PF,5,4,1,1,1,3,1,1,1,3,6,1,1,1,3,12,1,4,3,3,11,2,1,2,5,1,1,2,2,6,3,3,2,2,10,32,44
Niger,2018,PF,4,4,2,2,2,6,2,2,2,2,8,2,2,2,6,20,2,3,3,3,11,2,2,2,6,1,2,1,2,6,2,2,1,1,6,29,49
Nigeria,2018,PF,3,5,3,3,3,9,3,3,2,2,10,2,2,2,6,25,2,1,3,3,9,2,2,3,7,2,1,0,1,4,1,2,1,1,5,25,50
North Korea,2018,NF,7,7,0,0,0,0,0,0,0,0,0,0,0,0,0,0,0,0,0,0,0,0,0,0,0,0,0,0,0,0,0,1,1,1,3,3,3
North Macedonia,2018,PF,4,3,1,2,3,6,2,2,2,3,9,2,2,2,6,21,2,3,3,3,11,3,3,2,8,2,2,2,2,8,3,3,2,2,10,37,58
Norway,2018,F,1,1,4,4,4,12,4,4,4,4,16,4,4,4,12,40,4,4,4,4,16,4,4,4,12,4,4,4,4,16,4,4,4,4,16,60,100
Oman,2018,NF,6,5,0,1,1,2,0,0,1,1,2,0,2,0,2,6,1,2,1,1,5,0,1,2,3,0,1,2,1,4,1,2,1,1,5,17,23
Pakistan,2018,PF,4,5,2,2,2,6,3,3,1,1,8,1,1,3,5,19,2,1,2,2,7,3,1,2,6,2,1,1,1,5,2,2,1,1,6,24,43
Palau,2018,F,1,1,4,4,4,12,4,4,4,3,15,4,3,3,10,37,4,4,4,4,16,4,4,3,11,4,4,4,3,15,4,3,3,3,13,55,92
Panama,2018,F,2,2,4,4,4,12,4,4,4,3,15,4,2,2,8,35,3,4,4,4,15,4,4,3,11,2,2,3,3,10,4,3,3,2,12,48,83
Papua New Guinea,2018,PF,3,3,3,2,3,8,4,4,2,3,13,2,1,1,4,25,3,3,3,4,13,3,3,3,9,2,1,2,2,7,3,2,2,2,9,38,63
Paraguay,2018,PF,3,3,3,4,3,10,3,4,3,2,12,2,1,2,5,27,2,4,3,3,12,3,3,2,8,2,1,2,2,7,3,3,2,2,10,37,64
Peru,2018,F,2,3,4,4,3,11,4,4,3,2,13,3,2,2,7,31,3,4,4,4,15,3,3,2,8,2,2,2,2,8,4,3,2,2,11,42,73
Philippines,2018,PF,3,3,3,3,3,9,3,3,2,3,11,3,2,2,7,27,2,4,4,4,14,3,2,3,8,2,0,0,1,3,3,2,3,2,10,35,62
Poland,2018,F,1,2,4,4,4,12,4,4,4,4,16,3,3,2,8,36,3,4,3,4,14,3,3,4,10,1,3,4,3,11,4,4,3,3,14,49,85
Portugal,2018,F,1,1,4,4,4,12,4,4,4,4,16,4,3,4,11,39,4,4,4,4,16,4,4,4,12,4,4,3,4,15,4,4,4,3,15,58,97
Qatar,2018,NF,6,5,0,1,1,2,0,0,1,1,2,0,2,1,3,7,1,2,2,2,7,1,0,1,2,1,1,2,0,4,1,1,1,1,4,17,24
Romania,2018,F,2,2,4,4,3,11,4,4,3,3,14,4,3,3,10,35,3,3,4,4,14,4,4,3,11,3,3,3,3,12,4,2,3,3,12,49,84
Russia,2018,NF,7,6,0,0,0,0,1,0,1,1,3,0,1,1,2,5,0,1,1,1,3,1,0,2,3,1,1,0,0,2,2,1,2,2,7,15,20
Rwanda,2018,NF,6,6,0,1,1,2,0,0,0,1,1,1,2,2,5,8,0,3,1,0,4,0,1,1,2,0,1,0,1,2,2,2,2,1,7,15,23
Samoa,2018,F,2,2,3,3,3,9,3,3,3,3,12,3,3,3,9,30,3,3,4,4,14,4,3,3,10,4,3,4,3,14,3,3,3,3,12,50,80
San Marino,2018,F,1,1,4,4,4,12,4,4,4,3,15,4,3,4,11,38,3,4,4,4,15,4,4,4,12,4,4,4,4,16,4,4,4,4,16,59,97
Sao Tome and Principe,2018,F,2,2,4,4,3,11,4,4,3,3,14,4,2,3,9,34,3,4,4,4,15,4,3,3,10,3,3,3,3,12,4,3,2,2,11,48,82
Saudi Arabia,2018,NF,7,7,0,0,0,0,0,0,0,0,0,0,1,0,1,0,0,0,1,2,3,0,0,0,0,1,1,0,0,2,0,1,0,1,2,7,7
Senegal,2018,F,2,2,4,3,3,10,3,4,3,3,13,3,2,3,8,31,2,4,4,3,13,3,4,3,10,2,3,3,2,10,3,3,3,2,11,44,75
Serbia,2018,F,3,2,3,3,3,9,3,3,3,3,12,3,2,2,7,28,2,4,3,4,13,4,3,3,10,2,2,3,2,9,4,3,3,3,13,45,73
Seychelles,2018,PF,3,3,3,4,3,10,3,3,3,2,11,3,2,2,7,28,2,4,3,3,12,3,3,3,9,2,3,3,3,11,3,3,2,3,11,43,71
Sierra Leone,2018,PF,3,3,3,3,4,10,2,3,3,3,11,3,1,3,7,28,2,4,3,3,12,2,3,2,7,2,2,3,2,9,3,3,2,2,10,38,66
Singapore,2018,PF,4,4,1,2,1,4,2,2,2,2,8,2,3,2,7,19,2,3,2,3,10,2,1,1,4,1,2,2,2,7,3,3,3,3,12,33,52
Slovakia,2018,F,1,1,4,4,4,12,4,4,4,3,15,4,3,2,9,36,3,4,4,4,15,4,4,4,12,3,3,3,3,12,4,4,3,3,14,53,89
Slovenia,2018,F,1,1,4,4,4,12,4,4,4,4,16,4,3,4,11,39,3,3,4,4,14,4,4,4,12,3,4,4,3,14,4,4,3,3,14,54,93
Solomon Islands,2018,F,3,2,3,3,3,9,4,4,2,3,13,2,3,1,6,28,3,4,4,3,14,3,3,3,9,3,2,2,2,9,3,3,3,3,12,44,72
Somalia,2018,NF,7,7,0,0,0,0,1,0,0,0,1,0,0,0,0,1,1,0,1,1,3,1,1,0,2,0,0,0,0,0,0,1,0,0,1,6,7
South Africa,2018,F,2,2,4,4,4,12,3,3,3,4,13,2,2,3,7,32,3,4,4,4,15,4,4,4,12,3,2,2,2,9,3,3,2,2,10,46,78
South Korea,2018,F,2,2,4,4,3,11,3,4,3,3,13,4,3,2,9,33,3,4,3,4,14,4,3,4,11,4,3,3,3,13,4,3,3,3,13,51,84
South Sudan,2018,NF,7,7,0,0,1,1,1,0,0,0,1,0,0,0,0,-2,0,1,1,0,2,1,0,1,2,0,0,0,0,0,0,0,0,0,0,4,2
Spain,2018,F,1,1,4,4,3,11,4,4,4,4,16,4,3,4,11,38,3,4,4,4,15,3,4,4,11,4,4,4,3,15,4,4,4,3,15,56,94
Sri Lanka,2018,PF,3,4,3,3,2,8,3,3,2,2,10,3,2,2,7,24,2,2,2,2,8,2,3,3,8,2,2,2,1,7,2,2,2,2,8,31,55
St. Kitts and Nevis,2018,F,1,1,4,3,3,10,4,4,4,4,16,4,3,3,10,36,3,4,4,4,15,4,4,4,12,4,3,3,3,13,4,3,3,3,13,53,89
St. Lucia,2018,F,1,1,4,4,3,11,4,4,4,4,16,4,3,4,11,38,3,4,4,4,15,4,4,4,12,3,3,3,3,12,4,4,3,3,14,53,91
St. Vincent and the Grenadines,2018,F,1,1,4,4,3,11,4,4,4,3,15,4,3,3,10,36,3,4,4,4,15,4,4,4,12,3,3,4,3,13,4,4,3,3,14,54,90
Sudan,2018,NF,7,7,1,1,0,2,1,1,1,1,4,1,0,0,1,4,0,0,1,1,2,0,1,0,1,0,0,0,0,0,0,1,0,0,1,4,8
Suriname,2018,F,2,2,4,4,4,12,4,4,3,3,14,4,2,2,8,34,3,4,4,4,15,4,4,3,11,2,1,3,2,8,3,2,3,2,10,44,78
Sweden,2018,F,1,1,4,4,4,12,4,4,4,4,16,4,4,4,12,40,4,4,4,4,16,4,4,4,12,4,4,4,4,16,4,4,4,4,16,60,100
Switzerland,2018,F,1,1,4,4,4,12,4,4,4,3,15,4,4,4,12,39,4,3,4,4,15,4,4,4,12,4,4,4,3,15,4,4,4,3,15,57,96
Syria,2018,NF,7,7,0,0,0,0,0,0,0,0,0,0,0,0,0,-3,0,1,0,1,2,0,0,0,0,0,0,0,0,0,0,0,0,0,0,2,-1
Taiwan,2018,F,1,1,4,4,4,12,4,4,3,4,15,4,3,3,10,37,4,4,4,4,16,4,4,3,11,4,4,4,3,15,4,3,4,3,14,56,93
Tajikistan,2018,NF,7,6,0,0,0,0,0,0,0,0,0,0,0,1,1,1,0,0,1,1,2,0,1,1,2,1,0,0,1,2,1,1,1,1,4,10,11
Tanzania,2018,PF,4,4,3,2,2,7,2,2,3,2,9,2,2,2,6,22,1,3,2,1,7,2,2,2,6,2,2,2,2,8,3,2,2,2,9,30,52
Thailand,2018,NF,6,5,0,0,0,0,1,1,0,1,3,0,2,1,3,6,1,3,1,1,6,1,1,2,4,1,1,1,2,5,3,2,3,2,10,25,31
The Gambia,2018,PF,4,5,2,3,2,7,2,3,2,2,9,2,1,1,4,20,2,2,1,2,7,1,2,2,5,1,0,1,1,3,2,2,1,1,6,21,41
Timor-Leste,2018,F,2,3,4,4,3,11,4,4,3,3,14,3,2,2,7,32,3,3,4,3,13,3,3,2,8,1,1,3,2,7,3,2,2,2,9,37,69
Togo,2018,PF,4,4,2,2,2,6,2,1,2,2,7,2,1,2,5,18,2,3,2,2,9,1,2,3,6,2,2,2,1,7,2,2,1,2,7,29,47
Tonga,2018,F,2,2,3,3,3,9,4,4,3,3,14,3,2,2,7,30,2,4,3,3,12,3,3,3,9,3,3,3,3,12,4,3,3,2,12,45,75
Trinidad and Tobago,2018,F,2,2,4,4,3,11,3,4,3,3,13,4,2,3,9,33,4,3,4,4,15,4,4,3,11,3,2,2,2,9,4,3,3,3,13,48,81
Tunisia,2018,F,2,3,4,4,2,10,4,4,3,3,14,3,1,2,6,30,2,3,3,4,12,3,3,3,9,2,2,3,2,9,3,2,3,2,10,40,70
Turkey,2018,NF,5,6,2,3,1,6,2,1,3,1,7,2,1,0,3,16,1,2,1,1,5,1,1,1,3,1,0,0,1,2,1,1,2,2,6,16,32
Turkmenistan,2018,NF,7,7,0,0,0,0,0,0,0,0,0,0,0,0,0,0,0,0,0,1,1,0,0,0,0,0,0,0,0,0,1,1,1,0,3,4,4
Tuvalu,2018,F,1,1,4,4,4,12,4,4,4,3,15,4,3,3,10,37,4,4,4,4,16,4,4,4,12,4,4,4,3,15,4,4,3,3,14,57,94
Uganda,2018,PF,6,4,1,1,1,3,1,1,1,2,5,1,1,1,3,11,2,3,3,3,11,1,1,2,4,1,1,1,1,4,2,2,1,2,7,26,37
Ukraine,2018,PF,3,3,4,3,2,9,3,3,2,3,11,3,1,2,6,26,2,3,3,3,11,3,3,3,9,1,2,1,2,6,3,2,3,2,10,36,62
United Arab Emirates,2018,NF,7,6,0,1,0,1,0,0,1,1,2,0,2,0,2,5,0,1,1,1,3,1,0,1,2,0,1,1,1,3,1,1,1,1,4,12,17
United Kingdom,2018,F,1,1,4,4,4,12,4,4,4,4,16,4,4,4,12,40,4,4,3,3,14,4,4,4,12,4,4,3,3,14,4,4,3,3,14,54,94
United States,2018,F,2,1,3,4,3,10,4,4,3,3,14,3,3,3,9,33,4,4,4,4,16,3,4,3,10,3,3,3,3,12,4,4,4,3,15,53,86
Uruguay,2018,F,1,1,4,4,4,12,4,4,4,4,16,4,4,4,12,40,4,4,4,4,16,4,4,4,12,4,3,4,4,15,4,4,4,3,15,58,98
Uzbekistan,2018,NF,7,7,0,0,0,0,0,0,0,0,0,0,0,1,1,1,0,0,0,1,1,0,1,0,1,0,0,0,0,0,1,1,1,1,4,6,7
Vanuatu,2018,F,2,2,3,4,3,10,4,4,4,3,15,3,2,3,8,33,3,4,4,4,15,4,4,3,11,3,2,3,3,11,4,3,2,2,11,48,81
Venezuela,2018,NF,6,5,2,0,0,2,1,1,1,3,6,0,0,0,0,8,1,3,2,2,8,0,1,1,2,0,0,0,1,1,2,1,3,1,7,18,26
Vietnam,2018,NF,7,5,0,0,0,0,0,0,0,1,1,0,1,1,2,3,1,1,1,1,4,1,0,0,1,1,1,1,1,4,2,1,3,2,8,17,20
Yemen,2018,NF,7,6,0,0,0,0,1,0,0,0,1,0,0,0,0,1,1,2,1,1,5,1,1,1,3,1,0,0,1,2,0,1,1,0,2,12,13
Zambia,2018,PF,4,4,2,2,2,6,2,2,3,3,10,2,2,2,6,22,1,3,3,3,10,2,2,3,7,2,2,2,2,8,3,2,2,1,8,33,55
Zimbabwe,2018,NF,6,5,0,1,1,2,2,2,1,1,6,0,1,1,2,10,1,3,2,2,8,1,2,1,4,2,0,0,1,3,2,1,1,1,5,20,30
Afghanistan,2017,NF,6,6,1,0,1,2,2,1,1,2,6,1,1,0,2,10,2,1,1,2,6,2,1,1,4,1,0,0,1,2,0,1,0,1,2,14,24
Albania,2017,PF,3,3,3,3,2,8,3,4,3,3,13,3,2,2,7,28,2,4,3,4,13,4,3,2,9,2,2,2,3,9,3,2,2,2,9,40,68
Algeria,2017,NF,6,5,1,2,1,4,1,1,1,1,4,1,1,1,3,11,1,1,2,3,7,2,1,2,5,1,1,1,2,5,2,2,2,1,7,24,35
Andorra,2017,F,1,1,4,4,4,12,4,4,4,3,15,4,4,4,12,39,3,4,4,4,15,4,4,3,11,4,4,4,3,15,4,3,4,4,15,56,95
Angola,2017,NF,6,6,0,2,1,3,2,1,1,2,6,1,0,0,1,10,1,1,2,1,5,1,1,1,3,1,1,0,1,3,1,1,1,0,3,14,24
Antigua and Barbuda,2017,F,2,2,4,4,4,12,3,4,3,3,13,3,2,3,8,33,3,4,4,4,15,3,3,3,9,3,3,4,3,13,4,3,3,3,13,50,83
Argentina,2017,F,2,2,4,4,3,11,4,3,4,3,14,3,2,3,8,33,2,4,4,4,14,4,4,3,11,2,3,2,3,10,4,3,4,3,14,49,82
Armenia,2017,PF,5,4,1,2,2,5,2,2,1,2,7,1,1,2,4,16,2,2,2,3,9,2,2,2,6,1,1,1,2,5,3,2,2,2,9,29,45
Australia,2017,F,1,1,4,4,4,12,4,4,4,4,16,4,4,4,12,40,4,4,4,4,16,4,4,4,12,4,4,4,3,15,4,4,4,3,15,58,98
Austria,2017,F,1,1,4,4,4,12,4,4,4,3,15,4,3,3,10,37,4,4,4,4,16,4,4,4,12,4,4,4,3,15,4,4,4,3,15,58,95
Azerbaijan,2017,NF,7,6,0,0,1,1,1,0,1,0,2,0,1,0,1,4,0,0,1,1,2,0,0,1,1,0,1,0,1,2,1,1,2,1,5,10,14
Bahamas,2017,F,1,1,4,4,4,12,4,4,4,4,16,4,3,3,10,38,3,4,4,4,15,4,4,4,12,3,4,4,2,13,3,4,3,3,13,53,91
Bahrain,2017,NF,7,6,0,1,1,2,0,0,0,0,0,1,2,0,3,2,0,1,0,1,2,0,0,1,1,0,1,0,0,1,1,2,2,1,6,10,12
Bangladesh,2017,PF,4,4,2,2,3,7,2,1,2,3,8,2,1,2,5,20,1,2,2,2,7,2,2,2,6,2,1,1,1,5,3,2,2,2,9,27,47
Barbados,2017,F,1,1,4,4,4,12,4,4,4,4,16,4,4,4,12,40,4,4,4,4,16,4,4,4,12,4,4,4,3,15,4,4,3,4,15,58,98
Belarus,2017,NF,7,6,0,0,0,0,1,1,1,1,4,0,1,0,1,5,1,1,0,1,3,1,1,1,3,0,1,0,1,2,2,2,2,1,7,15,20
Belgium,2017,F,1,1,4,4,4,12,4,4,4,4,16,4,4,4,12,40,4,3,4,4,15,4,4,4,12,4,3,3,3,13,4,4,4,3,15,55,95
Belize,2017,F,1,2,4,4,4,12,4,4,4,2,14,4,2,4,10,36,3,4,4,4,15,3,4,4,11,3,3,3,3,12,4,3,3,3,13,51,87
Benin,2017,F,2,2,3,3,3,9,4,4,4,4,16,3,2,3,8,33,3,4,4,4,15,4,4,4,12,3,3,3,3,12,3,3,2,2,10,49,82
Bhutan,2017,PF,3,4,3,4,3,10,3,4,2,1,10,3,3,3,9,28,2,2,2,3,9,2,1,1,4,3,1,1,1,6,2,2,2,2,8,27,55
Bolivia,2017,PF,3,3,4,4,3,11,3,2,3,3,11,3,2,2,7,29,2,4,4,4,14,3,3,3,9,1,1,2,2,6,3,2,3,2,10,39,68
Bosnia and Herzegovina,2017,PF,4,4,3,2,2,7,3,3,2,2,10,2,1,1,4,21,2,3,2,3,10,3,2,2,7,1,2,2,2,7,3,2,3,2,10,34,55
Botswana,2017,F,3,2,3,4,3,10,3,2,3,2,10,3,3,2,8,28,2,4,3,3,12,4,4,2,10,3,3,3,2,11,3,3,2,3,11,44,72
Brazil,2017,F,2,2,4,3,4,11,4,4,3,3,14,2,2,2,6,31,3,4,4,4,15,3,4,3,10,3,2,2,3,10,4,3,3,3,13,48,79
Brunei,2017,NF,6,5,0,0,0,0,1,0,1,1,3,0,2,1,3,7,1,1,2,2,6,1,1,1,3,1,2,2,1,6,2,2,1,2,7,22,29
Bulgaria,2017,F,2,2,4,4,3,11,4,4,3,3,14,4,2,2,8,33,3,3,4,4,14,4,4,3,11,3,2,3,2,10,4,3,3,2,12,47,80
Burkina Faso,2017,PF,4,3,2,2,3,7,2,3,2,3,10,2,2,2,6,23,3,4,3,4,14,3,3,3,9,2,2,2,2,8,3,2,2,2,9,40,63
Burundi,2017,NF,7,6,0,0,1,1,1,0,0,3,4,0,0,0,0,5,0,3,2,1,6,0,1,1,2,0,0,0,1,1,1,2,1,1,5,14,19
Cabo Verde,2017,F,1,1,4,4,4,12,4,4,4,3,15,4,3,3,10,37,3,4,4,4,15,4,4,3,11,4,3,4,3,14,4,3,3,3,13,53,90
Cambodia,2017,NF,6,5,1,1,2,4,1,1,1,1,4,1,1,1,3,11,1,3,2,2,8,1,1,1,3,0,1,1,1,3,2,1,2,1,6,20,31
Cameroon,2017,NF,6,6,1,1,1,3,1,0,1,1,3,1,1,1,3,9,1,2,2,2,7,1,1,1,3,0,1,0,0,1,1,1,1,1,4,15,24
Canada,2017,F,1,1,4,4,4,12,4,4,4,4,16,4,4,4,12,40,4,4,4,4,16,4,4,4,12,4,4,4,3,15,4,4,4,4,16,59,99
Central African Republic,2017,NF,7,7,1,1,1,3,1,1,0,0,2,0,0,0,0,4,1,0,2,1,4,0,0,1,1,0,0,0,0,0,0,0,1,0,1,6,10
Chad,2017,NF,7,6,1,0,1,2,1,0,0,0,1,1,0,0,1,4,1,1,2,2,6,1,1,2,4,0,1,0,0,1,1,1,0,1,3,14,18
Chile,2017,F,1,1,4,4,4,12,4,4,4,3,15,4,3,3,10,37,4,4,4,4,16,4,4,4,12,4,4,3,3,14,4,4,4,3,15,57,94
China,2017,NF,7,6,0,0,0,0,0,0,0,1,1,0,1,1,2,1,1,0,1,1,3,1,1,1,3,1,1,0,0,2,1,1,2,2,6,14,15
Colombia,2017,PF,3,3,4,3,3,10,3,3,2,3,11,3,2,3,8,29,2,4,3,3,12,2,2,1,5,3,1,2,2,8,3,2,3,2,10,35,64
Comoros,2017,PF,3,4,3,3,3,9,3,3,3,2,11,2,1,1,4,24,2,2,3,3,10,2,2,3,7,2,2,2,2,8,2,2,1,1,6,31,55
Congo (Brazzaville),2017,NF,7,5,0,1,0,1,1,0,0,1,2,0,1,1,2,5,1,3,1,2,7,1,2,3,6,0,1,1,0,2,2,2,2,1,7,22,27
Congo (Kinshasa),2017,NF,7,6,0,0,0,0,1,0,1,1,3,0,0,1,1,4,1,3,2,2,8,1,1,1,3,0,0,0,0,0,1,1,1,1,4,15,19
Costa Rica,2017,F,1,1,4,4,4,12,4,4,4,3,15,4,3,4,11,38,4,4,4,4,16,4,4,3,11,4,3,3,3,13,4,3,3,3,13,53,91
Cote d'Ivoire,2017,PF,4,4,3,2,2,7,2,2,2,2,8,3,1,1,5,20,2,3,3,3,11,2,3,3,8,1,1,2,2,6,2,2,1,2,7,32,52
Croatia,2017,F,1,2,4,4,4,12,4,4,4,3,15,4,3,3,10,37,3,3,4,4,14,4,4,4,12,3,3,3,2,11,4,3,3,3,13,50,87
Cuba,2017,NF,7,6,0,0,0,0,0,0,0,0,0,0,1,0,1,1,1,3,0,1,5,0,0,0,0,0,1,1,1,3,1,1,3,1,6,14,15
Cyprus,2017,F,1,1,4,4,3,11,4,4,4,4,16,4,3,4,11,38,4,4,3,4,15,4,4,4,12,4,4,4,3,15,3,4,4,3,14,56,94
Czech Republic,2017,F,1,1,4,4,4,12,4,4,4,3,15,4,3,4,11,38,4,3,4,4,15,4,4,4,12,3,4,4,3,14,4,4,4,3,15,56,94
Denmark,2017,F,1,1,4,4,4,12,4,4,4,4,16,4,4,4,12,40,4,4,4,4,16,4,4,4,12,4,3,4,3,14,4,4,3,4,15,57,97
Djibouti,2017,NF,6,5,0,1,1,2,1,0,1,1,3,0,1,1,2,7,1,1,2,2,6,0,1,2,3,0,2,1,1,4,2,2,1,1,6,19,26
Dominica,2017,F,1,1,4,4,4,12,4,4,4,4,16,4,3,3,10,38,3,4,4,4,15,4,4,4,12,4,4,4,3,15,4,4,3,4,15,57,95
Dominican Republic,2017,PF,3,3,3,3,3,9,3,3,3,1,10,3,2,3,8,27,2,4,4,4,14,3,4,3,10,3,2,2,1,8,2,3,2,2,9,41,68
Ecuador,2017,PF,3,4,3,3,1,7,3,2,3,3,11,3,1,2,6,24,1,4,3,3,11,2,2,2,6,1,1,2,2,6,3,2,3,2,10,33,57
Egypt,2017,NF,6,5,1,1,1,3,1,0,1,2,4,0,1,1,2,9,1,1,1,2,5,1,1,2,4,1,0,0,1,2,1,2,2,1,6,17,26
El Salvador,2017,F,2,3,4,3,4,11,4,4,3,3,14,3,3,3,9,34,2,4,3,3,12,3,3,2,8,3,2,1,2,8,2,2,2,2,8,36,70
Equatorial Guinea,2017,NF,7,7,0,0,0,0,1,0,0,0,1,0,0,0,0,1,0,2,1,1,4,0,0,0,0,0,0,0,0,0,1,1,1,0,3,7,8
Eritrea,2017,NF,7,7,0,0,0,0,0,0,0,0,0,0,1,0,1,1,0,0,0,0,0,0,0,0,0,0,0,0,0,0,0,0,2,0,2,2,3
Estonia,2017,F,1,1,4,4,4,12,4,4,4,3,15,4,3,4,11,38,4,4,4,4,16,4,4,4,12,4,3,4,3,14,4,4,3,3,14,56,94
Eswatini,2017,NF,7,5,0,0,0,0,0,0,0,1,1,0,0,0,0,1,1,3,1,2,7,0,1,1,2,1,1,1,1,4,1,1,1,1,4,17,18
Ethiopia,2017,NF,7,6,0,0,1,1,0,0,0,0,0,0,2,1,3,4,0,2,0,0,2,0,0,0,0,1,0,0,1,2,1,1,1,1,4,8,12
Fiji,2017,PF,3,4,3,2,3,8,3,1,3,3,10,3,2,2,7,25,2,4,3,3,12,1,2,2,5,2,1,2,2,7,3,3,2,2,10,34,59
Finland,2017,F,1,1,4,4,4,12,4,4,4,4,16,4,4,4,12,40,4,4,4,4,16,4,4,4,12,4,4,4,4,16,4,4,4,4,16,60,100
France,2017,F,1,2,4,4,4,12,4,4,4,3,15,4,3,4,11,38,4,3,4,3,14,3,4,4,11,4,3,3,3,13,4,4,3,3,14,52,90
Gabon,2017,NF,6,5,0,1,1,2,1,0,1,1,3,1,1,1,3,8,1,3,3,2,9,1,1,2,4,1,2,2,1,6,2,1,1,1,5,24,32
Georgia,2017,PF,3,3,3,3,3,9,3,3,3,2,11,2,2,3,7,27,2,2,4,3,11,3,3,2,8,2,2,2,2,8,3,2,3,2,10,37,64
Germany,2017,F,1,1,4,4,4,12,4,4,4,3,15,4,4,4,12,39,4,3,4,4,15,4,4,4,12,4,4,3,3,14,4,4,4,3,15,56,95
Ghana,2017,F,1,2,4,4,4,12,4,4,4,3,15,4,3,3,10,37,3,3,4,4,14,4,4,3,11,2,3,3,3,11,3,3,2,2,10,46,83
Greece,2017,F,2,2,4,4,4,12,4,4,4,3,15,3,2,3,8,35,3,3,4,4,14,3,4,4,11,3,3,3,2,11,4,3,3,3,13,49,84
Grenada,2017,F,1,2,4,4,4,12,4,4,4,4,16,4,3,3,10,38,3,4,4,4,15,4,4,3,11,3,3,3,3,12,4,3,3,3,13,51,89
Guatemala,2017,PF,4,4,3,3,2,8,3,3,2,2,10,2,2,1,5,23,2,4,3,2,11,2,2,2,6,2,2,1,1,6,3,2,2,1,8,31,54
Guinea,2017,PF,5,5,3,1,2,6,2,2,2,2,8,1,1,1,3,17,1,3,3,3,10,1,2,2,5,1,1,1,1,4,1,2,1,1,5,24,41
Guinea-Bissau,2017,PF,5,5,2,3,2,7,3,2,1,2,8,1,0,0,1,16,1,3,3,3,10,1,2,2,5,1,0,1,2,4,2,1,1,1,5,24,40
Guyana,2017,F,2,3,4,4,3,11,4,4,3,2,13,4,2,2,8,32,3,4,4,4,15,3,4,3,10,2,2,2,2,8,3,2,2,2,9,42,74
Haiti,2017,PF,5,5,1,1,1,3,2,1,2,3,8,1,1,2,4,15,2,3,2,3,10,2,1,1,4,1,1,1,1,4,2,2,2,0,6,24,39
Honduras,2017,PF,4,4,2,3,2,7,3,2,1,2,8,1,2,1,4,19,1,4,2,2,9,2,1,2,5,1,2,1,1,5,2,2,2,2,8,27,46
Hungary,2017,F,3,2,3,3,3,9,4,3,3,3,13,3,2,2,7,29,2,4,3,4,13,4,3,4,11,2,3,3,2,10,4,3,3,3,13,47,76
Iceland,2017,F,1,1,4,4,4,12,4,4,4,4,16,4,3,3,10,38,4,4,4,4,16,4,4,4,12,4,4,4,3,15,4,4,4,4,16,59,97
India,2017,F,2,3,4,4,4,12,4,4,3,3,14,4,2,3,9,35,3,3,3,4,13,4,3,3,10,3,2,2,2,9,3,3,2,2,10,42,77
Indonesia,2017,PF,2,4,4,4,3,11,4,4,3,3,14,3,1,2,6,31,3,1,4,4,12,2,3,3,8,2,1,1,1,5,3,2,2,2,9,34,65
Iran,2017,NF,6,6,1,1,1,3,0,1,0,1,2,1,0,1,2,7,0,0,1,1,2,0,0,1,1,1,1,0,1,3,1,1,1,1,4,10,17
Iraq,2017,NF,5,6,2,3,3,8,2,2,0,1,5,1,0,1,2,12,1,1,1,2,5,2,2,2,6,0,0,0,0,0,1,1,1,1,4,15,27
Ireland,2017,F,1,1,4,4,4,12,4,4,4,4,16,4,3,4,11,39,4,4,4,4,16,4,4,4,12,4,4,3,3,14,4,4,3,4,15,57,96
Israel,2017,F,1,2,4,4,4,12,3,4,4,3,14,4,3,3,10,36,3,3,3,3,12,3,3,4,10,4,3,2,2,11,3,3,3,2,11,44,80
Italy,2017,F,1,1,4,4,4,12,4,4,3,3,14,4,3,3,10,36,3,4,4,4,15,4,4,4,12,3,3,3,3,12,4,3,4,3,14,53,89
Jamaica,2017,F,2,3,4,4,4,12,4,4,2,3,13,4,3,2,9,34,4,4,4,3,15,3,3,3,9,2,2,2,1,7,3,2,2,3,10,41,75
Japan,2017,F,1,1,4,4,4,12,4,4,4,4,16,4,4,4,12,40,3,4,4,4,15,4,4,4,12,4,4,4,3,15,4,4,3,3,14,56,96
Jordan,2017,PF,5,5,0,1,2,3,2,1,1,2,6,0,2,1,3,12,1,2,2,2,7,1,2,1,4,2,1,1,2,6,2,2,2,2,8,25,37
Kazakhstan,2017,NF,7,5,0,0,1,1,1,0,1,1,3,0,1,0,1,5,0,1,2,1,4,0,1,0,1,1,1,1,1,4,2,2,2,2,8,17,22
Kenya,2017,PF,4,4,2,3,2,7,3,3,2,2,10,2,1,2,5,22,2,2,3,3,10,2,2,3,7,2,1,1,1,5,2,1,2,2,7,29,51
Kiribati,2017,F,1,1,4,4,4,12,4,4,4,4,16,4,3,2,9,37,3,4,4,4,15,4,4,4,12,4,4,4,3,15,4,3,3,3,13,55,92
Kosovo,2017,PF,3,4,3,3,3,9,3,3,2,2,10,2,1,2,5,24,2,2,2,3,9,2,2,2,6,1,1,2,2,6,2,1,2,2,7,28,52
Kuwait,2017,PF,5,5,0,1,1,2,2,2,2,1,7,1,1,2,4,13,1,2,2,1,6,1,2,1,4,1,2,2,2,7,2,1,2,1,6,23,36
Kyrgyzstan,2017,PF,5,5,2,2,1,5,2,2,1,1,6,1,1,2,4,13,2,1,3,3,9,1,1,2,4,1,1,1,1,4,2,2,2,1,7,24,37
Laos,2017,NF,7,6,0,0,0,0,0,0,0,0,0,0,0,1,1,1,0,2,1,1,4,0,0,0,0,0,0,1,1,2,1,1,2,1,5,11,12
Latvia,2017,F,1,2,4,4,4,12,4,4,4,3,15,3,3,3,9,36,3,4,4,4,15,4,4,4,12,3,3,3,3,12,4,3,3,2,12,51,87
Lebanon,2017,PF,5,4,0,1,2,3,3,3,1,2,9,0,1,1,2,14,2,3,3,3,11,2,3,2,7,1,2,1,1,5,2,2,2,1,7,30,44
Lesotho,2017,PF,3,3,3,4,3,10,3,3,2,3,11,2,2,2,6,27,2,4,3,3,12,2,3,2,7,3,2,2,2,9,3,2,2,2,9,37,64
Liberia,2017,PF,3,4,3,3,3,9,3,3,3,3,12,3,2,2,7,28,2,3,3,3,11,3,3,2,8,2,1,2,2,7,2,2,2,2,8,34,62
Libya,2017,NF,7,6,0,0,1,1,1,0,0,1,2,0,0,0,0,3,1,1,1,1,4,1,1,0,2,0,0,0,0,0,0,1,2,1,4,10,13
Liechtenstein,2017,F,2,1,2,4,4,10,4,3,3,3,13,2,4,4,10,33,4,4,4,4,16,4,4,4,12,3,4,4,3,14,4,4,4,4,16,58,91
Lithuania,2017,F,1,1,4,4,4,12,4,4,4,4,16,4,3,3,10,38,4,4,4,4,16,4,4,3,11,4,3,3,3,13,4,3,3,3,13,53,91
Luxembourg,2017,F,1,1,4,4,4,12,4,4,4,4,16,4,3,3,10,38,4,4,4,4,16,4,4,4,12,4,4,4,4,16,4,4,4,4,16,60,98
Madagascar,2017,PF,3,4,3,3,3,9,3,3,2,2,10,2,1,2,5,24,2,2,3,3,10,2,3,3,8,1,1,2,2,6,3,2,1,2,8,32,56
Malawi,2017,PF,3,3,3,3,2,8,3,3,3,3,12,3,1,2,6,26,3,4,3,3,13,3,2,3,8,3,2,2,2,9,2,2,1,2,7,37,63
Malaysia,2017,PF,4,4,2,2,2,6,2,2,2,1,7,2,1,2,5,18,2,1,2,2,7,2,1,2,5,1,2,1,1,5,3,3,2,1,9,26,44
Maldives,2017,PF,5,5,2,3,2,7,2,1,1,1,5,3,1,1,5,17,1,1,1,2,5,1,2,2,5,1,1,2,2,6,2,2,1,2,7,23,40
Mali,2017,PF,5,4,2,2,2,6,2,2,1,2,7,2,1,1,4,17,3,3,3,3,12,2,2,2,6,2,2,1,1,6,1,1,1,1,4,28,45
Malta,2017,F,1,1,4,4,4,12,4,4,4,4,16,4,3,4,11,39,4,4,4,4,16,4,4,4,12,4,4,4,3,15,4,4,3,3,14,57,96
Marshall Islands,2017,F,1,1,4,4,4,12,3,4,4,4,15,4,3,3,10,37,4,4,4,4,16,4,4,3,11,4,4,4,3,15,4,3,3,3,13,55,92
Mauritania,2017,NF,6,5,1,1,1,3,1,1,0,0,2,1,2,1,4,9,2,2,3,2,9,1,1,2,4,1,1,1,1,4,1,2,1,0,4,21,30
Mauritius,2017,F,1,2,4,4,4,12,4,4,4,3,15,4,3,3,10,37,3,4,4,4,15,4,4,4,12,3,4,3,3,13,4,3,3,2,12,52,89
Mexico,2017,PF,3,3,3,3,3,9,3,4,2,3,12,2,2,3,7,28,2,4,4,3,13,3,3,2,8,2,1,1,2,6,3,2,3,2,10,37,65
Micronesia,2017,F,1,1,4,4,4,12,4,4,4,3,15,4,3,3,10,37,4,4,4,4,16,4,4,3,11,4,4,4,3,15,4,4,3,3,14,56,93
Moldova,2017,PF,3,3,4,3,3,10,4,3,2,3,12,3,1,1,5,27,2,3,3,4,12,3,3,2,8,1,1,2,2,6,3,2,2,2,9,35,62
Monaco,2017,F,3,1,0,4,3,7,3,3,2,3,11,2,4,3,9,27,4,4,4,4,16,4,4,4,12,3,4,4,4,15,4,3,3,4,14,57,84
Mongolia,2017,F,1,2,4,4,3,11,4,4,4,4,16,4,2,3,9,36,3,4,4,3,14,4,4,3,11,3,3,3,3,12,4,3,3,2,12,49,85
Montenegro,2017,PF,3,3,3,2,3,8,3,2,3,3,11,3,2,2,7,26,2,3,3,4,12,3,3,3,9,2,2,3,3,10,3,3,3,3,12,43,69
Morocco,2017,PF,5,4,1,2,2,5,2,2,1,2,7,1,1,1,3,15,1,2,2,2,7,2,2,2,6,1,2,2,1,6,2,2,2,1,7,26,41
Mozambique,2017,PF,4,4,2,2,2,6,2,2,2,3,9,2,1,2,5,20,2,4,2,3,11,2,3,2,7,2,2,1,2,7,2,2,2,2,8,33,53
Myanmar,2017,PF,5,5,2,2,1,5,2,3,2,1,8,2,1,1,4,14,2,1,1,3,7,2,2,1,5,0,1,0,0,1,2,1,1,1,5,18,32
Namibia,2017,F,2,2,4,3,3,10,3,2,3,3,11,3,3,3,9,30,3,4,4,3,14,4,4,4,12,3,3,3,2,11,3,3,2,2,10,47,77
Nauru,2017,F,2,2,4,4,4,12,4,3,4,4,15,3,3,2,8,35,2,4,4,3,13,3,3,3,9,2,3,3,2,10,4,4,3,3,14,46,81
Nepal,2017,PF,3,4,3,3,3,9,3,3,2,2,10,3,1,1,5,24,2,2,2,3,9,1,2,2,5,2,1,2,1,6,3,2,2,1,8,28,52
Netherlands,2017,F,1,1,4,4,4,12,4,4,4,4,16,4,4,4,12,40,4,4,4,4,16,4,4,4,12,4,4,4,3,15,4,4,4,4,16,59,99
New Zealand,2017,F,1,1,4,4,4,12,4,4,4,4,16,4,4,4,12,40,4,4,4,4,16,4,4,4,12,4,4,4,3,15,4,4,4,3,15,58,98
Nicaragua,2017,PF,5,4,1,1,1,3,1,1,1,3,6,1,2,2,5,14,1,4,3,3,11,2,1,2,5,1,2,2,2,7,3,3,2,2,10,33,47
Niger,2017,PF,4,4,2,2,2,6,3,2,2,2,9,2,2,2,6,21,2,3,3,3,11,2,2,2,6,1,2,1,1,5,2,2,1,1,6,28,49
Nigeria,2017,PF,3,5,3,3,3,9,3,3,2,2,10,2,2,2,6,25,2,1,3,3,9,2,2,3,7,2,1,0,1,4,1,2,1,1,5,25,50
North Korea,2017,NF,7,7,0,0,0,0,0,0,0,0,0,0,0,0,0,0,0,0,0,0,0,0,0,0,0,0,0,0,0,0,0,1,1,1,3,3,3
North Macedonia,2017,PF,4,3,2,1,3,6,3,2,2,3,10,1,2,2,5,21,2,3,3,2,10,3,3,2,8,2,2,2,2,8,3,3,2,2,10,36,57
Norway,2017,F,1,1,4,4,4,12,4,4,4,4,16,4,4,4,12,40,4,4,4,4,16,4,4,4,12,4,4,4,4,16,4,4,4,4,16,60,100
Oman,2017,NF,6,5,0,1,1,2,0,0,1,1,2,0,2,0,2,8,1,2,1,1,5,0,1,2,3,0,1,2,1,4,1,2,1,1,5,17,25
Pakistan,2017,PF,4,5,3,2,2,7,3,3,1,1,8,2,1,3,6,21,1,1,2,2,6,3,1,2,6,2,1,0,1,4,2,2,1,1,6,22,43
Palau,2017,F,1,1,4,4,4,12,4,4,4,3,15,4,3,3,10,37,4,4,4,4,16,4,4,3,11,4,4,4,3,15,4,3,3,3,13,55,92
Panama,2017,F,2,2,4,4,4,12,4,4,4,3,15,4,2,2,8,35,3,4,4,4,15,4,4,3,11,2,2,3,3,10,4,3,3,2,12,48,83
Papua New Guinea,2017,PF,3,3,3,3,3,9,4,4,2,3,13,2,1,1,4,26,3,3,3,4,13,3,3,3,9,2,1,2,2,7,3,2,2,2,9,38,64
Paraguay,2017,PF,3,3,3,4,3,10,3,4,3,2,12,2,1,2,5,27,2,4,3,3,12,3,3,2,8,2,1,2,2,7,3,3,2,2,10,37,64
Peru,2017,F,2,3,4,4,3,11,4,4,3,2,13,3,2,2,7,31,3,4,4,4,15,3,3,2,8,2,2,2,2,8,3,3,2,2,10,41,72
Philippines,2017,PF,3,3,3,3,3,9,3,3,2,3,11,3,2,2,7,27,2,4,4,4,14,3,2,3,8,2,0,1,1,4,3,2,3,2,10,36,63
Poland,2017,F,1,2,4,4,4,12,4,4,4,4,16,4,3,2,9,37,3,4,3,4,14,4,4,4,12,2,3,4,3,12,4,4,3,3,14,52,89
Portugal,2017,F,1,1,4,4,4,12,4,4,4,4,16,4,3,4,11,39,4,4,4,4,16,4,4,4,12,4,4,3,4,15,4,4,4,3,15,58,97
Qatar,2017,NF,6,5,0,1,1,2,0,0,1,1,2,0,2,1,3,9,1,2,2,2,7,1,0,1,2,1,1,2,0,4,1,1,1,1,4,17,26
Romania,2017,F,2,2,4,4,3,11,4,4,3,3,14,4,3,3,10,35,3,3,4,4,14,4,4,3,11,3,3,3,3,12,4,2,3,3,12,49,84
Russia,2017,NF,7,6,0,0,0,0,1,0,1,1,3,0,1,1,2,5,0,1,1,1,3,1,0,2,3,1,1,0,0,2,2,1,2,2,7,15,20
Rwanda,2017,NF,6,6,0,1,1,2,0,0,0,1,1,1,2,2,5,8,0,3,1,0,4,0,1,1,2,0,2,0,1,3,2,2,2,1,7,16,24
Samoa,2017,F,2,2,3,3,3,9,3,3,3,3,12,3,3,3,9,30,3,3,4,4,14,4,3,3,10,4,3,4,3,14,3,3,3,3,12,50,80
San Marino,2017,F,1,1,4,4,4,12,4,4,4,3,15,4,3,4,11,38,3,4,4,4,15,4,4,4,12,4,4,4,4,16,4,4,4,4,16,59,97
Sao Tome and Principe,2017,F,2,2,4,4,3,11,4,4,3,3,14,4,2,3,9,34,3,4,4,4,15,4,3,3,10,3,3,3,3,12,3,3,2,2,10,47,81
Saudi Arabia,2017,NF,7,7,0,0,0,0,0,0,0,0,0,0,1,0,1,3,0,0,1,2,3,0,0,0,0,1,1,0,0,2,0,1,0,1,2,7,10
Senegal,2017,F,2,2,4,4,3,11,3,4,3,3,13,3,2,3,8,32,3,4,4,4,15,3,4,3,10,2,3,3,2,10,3,3,3,2,11,46,78
Serbia,2017,F,3,2,3,3,3,9,4,3,3,3,13,3,2,2,7,29,2,4,4,4,14,4,3,3,10,2,3,3,2,10,4,3,3,3,13,47,76
Seychelles,2017,PF,3,3,3,4,3,10,3,3,3,2,11,3,2,2,7,28,2,4,3,3,12,3,3,3,9,2,3,3,3,11,3,3,2,3,11,43,71
Sierra Leone,2017,PF,3,3,3,3,4,10,2,3,3,3,11,3,1,3,7,28,2,4,3,3,12,2,3,2,7,2,2,3,2,9,3,3,2,2,10,38,66
Singapore,2017,PF,4,4,1,2,1,4,2,2,2,2,8,2,3,2,7,19,1,3,2,3,9,2,1,1,4,1,2,2,2,7,3,3,3,3,12,32,51
Slovakia,2017,F,1,1,4,4,4,12,4,4,4,3,15,4,3,2,9,36,3,4,4,4,15,4,4,4,12,3,3,3,3,12,4,4,3,3,14,53,89
Slovenia,2017,F,1,1,4,4,4,12,4,4,4,4,16,4,3,4,11,39,3,3,4,4,14,4,4,4,12,3,4,4,3,14,4,3,3,3,13,53,92
Solomon Islands,2017,F,3,2,3,3,3,9,4,4,2,3,13,2,2,1,5,27,3,4,4,3,14,3,3,3,9,3,2,2,2,9,3,3,3,3,12,44,71
Somalia,2017,NF,7,7,0,0,0,0,0,0,0,0,0,0,0,0,0,0,1,0,1,1,3,0,1,0,1,0,0,0,0,0,0,1,0,0,1,5,5
South Africa,2017,F,2,2,4,4,4,12,3,3,4,4,14,2,2,3,7,33,3,4,4,4,15,3,4,4,11,3,2,2,2,9,3,3,2,2,10,45,78
South Korea,2017,F,2,2,4,4,3,11,3,4,3,3,13,4,2,2,8,32,3,4,3,3,13,4,3,4,11,4,3,3,3,13,4,3,3,3,13,50,82
South Sudan,2017,NF,7,7,0,0,1,1,1,0,0,0,1,0,0,0,0,-2,0,2,1,1,4,1,0,1,2,0,0,0,0,0,0,0,0,0,0,6,4
Spain,2017,F,1,1,4,4,4,12,4,4,4,4,16,3,3,4,10,38,3,4,4,4,15,3,4,4,11,4,4,4,3,15,4,4,4,3,15,56,94
Sri Lanka,2017,PF,3,4,3,3,2,8,3,3,2,2,10,3,2,2,7,24,2,2,2,3,9,2,3,3,8,2,2,2,1,7,2,2,2,2,8,32,56
St. Kitts and Nevis,2017,F,1,1,4,3,3,10,4,4,4,4,16,4,3,3,10,36,3,4,4,4,15,4,4,4,12,4,3,3,3,13,4,3,3,3,13,53,89
St. Lucia,2017,F,1,1,4,4,4,12,4,4,4,4,16,4,3,4,11,39,3,4,4,4,15,4,4,4,12,3,3,3,3,12,4,4,3,3,14,53,92
St. Vincent and the Grenadines,2017,F,1,1,4,4,3,11,4,4,4,4,16,4,3,3,10,37,3,4,4,4,15,4,4,4,12,3,3,4,3,13,4,4,3,3,14,54,91
Sudan,2017,NF,7,7,1,1,0,2,1,0,1,1,3,1,0,0,1,2,0,0,1,1,2,0,1,0,1,0,0,0,0,0,0,1,0,0,1,4,6
Suriname,2017,F,2,3,4,4,4,12,4,4,3,3,14,4,2,2,8,34,3,4,4,4,15,4,4,3,11,1,1,3,2,7,3,2,3,2,10,43,77
Sweden,2017,F,1,1,4,4,4,12,4,4,4,4,16,4,4,4,12,40,4,4,4,4,16,4,4,4,12,4,4,4,4,16,4,4,4,4,16,60,100
Switzerland,2017,F,1,1,4,4,4,12,4,4,4,3,15,4,4,4,12,39,4,3,4,4,15,4,4,4,12,4,4,4,3,15,4,4,4,3,15,57,96
Syria,2017,NF,7,7,0,0,0,0,0,0,0,0,0,0,0,0,0,-3,0,1,0,1,2,0,0,0,0,0,0,0,0,0,0,0,0,0,0,2,-1
Taiwan,2017,F,1,1,4,4,4,12,4,4,3,4,15,4,3,3,10,37,4,4,4,4,16,4,4,3,11,4,3,4,3,14,4,3,3,3,13,54,91
Tajikistan,2017,NF,7,6,0,0,0,0,0,0,0,0,0,0,0,1,1,1,0,0,1,1,2,0,1,1,2,1,0,0,1,2,1,1,1,1,4,10,11
Tanzania,2017,PF,3,4,3,2,2,7,2,3,3,3,11,3,2,2,7,25,2,3,2,2,9,2,2,2,6,2,3,2,2,9,3,2,2,2,9,33,58
Thailand,2017,NF,6,5,0,0,1,1,1,1,0,1,3,0,2,1,3,7,1,3,1,1,6,1,1,2,4,1,1,1,2,5,3,2,3,2,10,25,32
The Gambia,2017,NF,6,6,1,1,1,3,1,1,1,2,5,0,0,0,0,8,0,2,1,0,3,0,1,1,2,0,0,0,1,1,2,2,1,1,6,12,20
Timor-Leste,2017,PF,3,3,4,4,3,11,3,3,3,3,12,2,2,2,6,29,2,3,4,3,12,3,3,2,8,1,1,3,2,7,3,2,2,2,9,36,65
Togo,2017,PF,4,4,2,2,2,6,2,1,2,2,7,2,1,2,5,18,2,3,2,2,9,2,2,3,7,2,2,2,1,7,2,2,1,2,7,30,48
Tonga,2017,F,2,2,3,3,3,9,4,4,3,3,14,3,2,2,7,30,2,4,3,3,12,3,3,3,9,3,3,3,2,11,4,3,3,2,12,44,74
Trinidad and Tobago,2017,F,2,2,4,4,3,11,3,4,3,3,13,4,2,3,9,33,4,3,4,4,15,4,4,3,11,3,2,2,2,9,4,3,3,3,13,48,81
Tunisia,2017,F,1,3,4,4,3,11,4,4,4,4,16,4,2,3,9,36,3,3,3,4,13,3,3,3,9,2,2,3,2,9,3,2,4,2,11,42,78
Turkey,2017,PF,4,5,3,3,2,8,2,1,3,1,7,2,1,0,3,18,1,2,1,2,6,1,1,1,3,1,1,0,2,4,2,1,2,2,7,20,38
Turkmenistan,2017,NF,7,7,0,0,0,0,0,0,0,0,0,0,0,0,0,0,0,0,0,1,1,0,0,0,0,0,0,0,0,0,1,1,1,0,3,4,4
Tuvalu,2017,F,1,1,4,4,4,12,4,4,4,3,15,4,3,3,10,37,4,4,4,4,16,4,4,4,12,4,4,4,3,15,4,4,3,3,14,57,94
Uganda,2017,NF,6,5,1,1,1,3,1,1,1,2,5,1,1,1,3,11,1,3,3,2,9,1,1,2,4,1,1,1,1,4,2,2,1,2,7,24,35
Ukraine,2017,PF,3,3,4,3,2,9,3,3,1,3,10,3,1,2,6,25,2,3,3,3,11,3,3,3,9,1,2,1,2,6,3,2,3,2,10,36,61
United Arab Emirates,2017,NF,6,6,0,1,0,1,0,0,1,1,2,0,2,0,2,7,1,1,1,1,4,1,0,1,2,0,1,1,1,3,1,1,1,1,4,13,20
United Kingdom,2017,F,1,1,4,4,4,12,4,4,4,4,16,4,4,4,12,40,4,4,3,3,14,4,4,4,12,4,4,3,3,14,4,4,4,3,15,55,95
United States,2017,F,1,1,4,4,3,11,4,4,3,3,14,3,4,4,11,36,4,4,4,4,16,3,4,3,10,3,3,3,3,12,4,4,4,3,15,53,89
Uruguay,2017,F,1,1,4,4,4,12,4,4,4,4,16,4,4,4,12,40,4,4,4,4,16,4,4,4,12,4,3,4,4,15,4,4,4,3,15,58,98
Uzbekistan,2017,NF,7,7,0,0,0,0,0,0,0,0,0,0,0,0,0,0,0,0,0,0,0,0,0,0,0,0,0,0,0,0,1,1,1,0,3,3,3
Vanuatu,2017,F,2,2,3,4,3,10,4,4,4,3,15,3,2,2,7,32,3,4,4,4,15,4,4,3,11,3,2,3,3,11,4,3,2,2,11,48,80
Venezuela,2017,NF,6,5,2,2,1,5,1,1,1,3,6,0,0,0,0,11,1,3,2,2,8,1,1,1,3,0,0,0,1,1,2,1,3,1,7,19,30
Vietnam,2017,NF,7,5,0,0,0,0,0,0,0,1,1,0,1,1,2,3,1,1,1,1,4,1,0,0,1,1,1,1,1,4,2,1,3,2,8,17,20
Yemen,2017,NF,7,6,0,0,0,0,1,0,0,0,1,0,1,0,1,2,1,2,1,1,5,1,1,1,3,1,0,0,1,2,0,1,1,0,2,12,14
Zambia,2017,PF,4,4,2,2,2,6,2,3,3,3,11,2,2,2,6,23,1,3,3,3,10,2,2,3,7,2,2,2,2,8,3,2,1,2,8,33,56
Zimbabwe,2017,PF,5,5,1,1,1,3,2,2,1,1,6,1,1,1,3,12,1,3,2,2,8,1,2,1,4,2,0,0,1,3,2,1,1,1,5,20,32
Afghanistan,2016,NF,6,6,1,0,1,2,2,1,1,2,6,1,1,0,2,10,2,1,1,2,6,2,1,1,4,1,0,0,1,2,0,1,0,1,2,14,24
Albania,2016,PF,3,3,3,3,2,8,3,4,3,3,13,3,1,2,6,27,2,4,3,4,13,4,3,2,9,2,2,2,3,9,3,2,2,2,9,40,67
Algeria,2016,NF,6,5,1,2,1,4,1,1,1,1,4,1,1,1,3,11,1,1,2,3,7,2,1,2,5,1,1,1,2,5,2,2,2,1,7,24,35
Andorra,2016,F,1,1,4,4,4,12,4,4,3,4,15,4,4,4,12,39,4,4,4,4,16,4,4,3,11,4,4,4,3,15,4,3,4,4,15,57,96
Angola,2016,NF,6,6,0,2,1,3,2,1,1,2,6,1,0,0,1,10,1,1,2,1,5,1,1,1,3,1,1,0,1,3,1,1,1,0,3,14,24
Antigua and Barbuda,2016,F,2,2,4,4,4,12,3,4,3,3,13,3,2,3,8,33,2,4,4,4,14,3,3,3,9,3,3,4,3,13,4,3,3,3,13,49,82
Argentina,2016,F,2,2,4,4,3,11,4,3,4,3,14,3,1,2,6,31,2,4,4,4,14,4,4,3,11,2,3,2,3,10,3,3,4,3,13,48,79
Armenia,2016,PF,5,4,1,2,2,5,2,2,1,2,7,1,1,2,4,16,2,2,2,3,9,2,2,2,6,1,1,2,2,6,3,2,2,2,9,30,46
Australia,2016,F,1,1,4,4,4,12,4,4,4,4,16,4,4,4,12,40,4,4,4,4,16,4,4,4,12,4,4,4,3,15,4,4,4,3,15,58,98
Austria,2016,F,1,1,4,4,4,12,4,4,4,3,15,4,3,3,10,37,4,4,4,4,16,4,4,4,12,4,4,4,3,15,4,4,4,3,15,58,95
Azerbaijan,2016,NF,7,6,0,0,1,1,1,0,1,1,3,0,1,0,1,5,0,1,1,1,3,0,0,1,1,0,1,0,1,2,1,1,2,1,5,11,16
Bahamas,2016,F,1,1,4,4,4,12,4,4,4,4,16,4,3,3,10,38,4,4,4,4,16,4,4,4,12,3,4,4,2,13,3,4,3,3,13,54,92
Bahrain,2016,NF,7,6,0,1,1,2,1,1,0,0,2,1,2,0,3,4,0,1,0,1,2,0,0,1,1,0,1,0,0,1,1,2,2,1,6,10,14
Bangladesh,2016,PF,4,4,2,2,3,7,2,2,2,3,9,2,1,2,5,21,1,2,2,2,7,2,2,2,6,2,1,2,1,6,3,2,2,2,9,28,49
Barbados,2016,F,1,1,4,4,4,12,4,4,4,4,16,4,4,4,12,40,4,4,4,4,16,4,4,4,12,4,4,4,3,15,4,4,3,4,15,58,98
Belarus,2016,NF,7,6,0,0,0,0,1,0,1,1,3,0,1,0,1,4,1,1,0,1,3,0,1,0,1,0,1,0,1,2,2,2,2,1,7,13,17
Belgium,2016,F,1,1,4,4,4,12,4,4,4,4,16,4,4,4,12,40,4,3,4,4,15,4,4,4,12,4,3,4,3,14,4,4,4,3,15,56,96
Belize,2016,F,1,2,4,4,4,12,4,4,4,2,14,4,2,4,10,36,3,4,4,4,15,3,4,4,11,3,3,3,3,12,4,3,3,3,13,51,87
Benin,2016,F,2,2,3,3,3,9,4,4,4,4,16,3,2,3,8,33,3,4,4,4,15,4,4,4,12,3,3,3,3,12,3,3,2,2,10,49,82
Bhutan,2016,PF,3,4,3,4,3,10,3,4,2,1,10,3,3,4,10,29,2,2,2,3,9,2,1,1,4,3,1,1,1,6,2,2,2,2,8,27,56
Bolivia,2016,PF,3,3,4,4,3,11,3,2,3,3,11,3,2,2,7,29,2,4,4,4,14,3,3,3,9,1,1,2,2,6,3,2,3,2,10,39,68
Bosnia and Herzegovina,2016,PF,4,3,3,3,2,8,3,3,2,2,10,2,1,1,4,22,2,3,2,3,10,3,2,2,7,2,2,2,2,8,3,2,3,2,10,35,57
Botswana,2016,F,3,2,3,4,3,10,3,2,3,2,10,3,3,2,8,28,2,4,3,3,12,4,4,2,10,3,3,3,3,12,3,3,2,3,11,45,73
Brazil,2016,F,2,2,4,3,4,11,4,4,3,3,14,3,2,3,8,33,3,4,4,4,15,3,4,3,10,3,2,2,3,10,4,3,3,3,13,48,81
Brunei,2016,NF,6,5,0,0,0,0,1,0,1,1,3,0,2,1,3,7,1,1,2,2,6,1,1,1,3,1,2,2,1,6,2,2,1,2,7,22,29
Bulgaria,2016,F,2,2,4,4,3,11,4,4,3,3,14,4,2,2,8,33,3,3,4,4,14,4,4,3,11,3,2,3,2,10,4,3,3,2,12,47,80
Burkina Faso,2016,PF,4,3,2,2,2,6,2,2,2,3,9,2,2,2,6,21,3,4,3,4,14,2,3,3,8,2,2,2,2,8,3,2,1,2,8,38,59
Burundi,2016,NF,7,6,0,0,1,1,1,0,0,3,4,0,0,0,0,5,0,3,2,1,6,0,1,1,2,0,0,0,1,1,1,2,1,1,5,14,19
Cabo Verde,2016,F,1,1,4,4,4,12,4,4,4,3,15,4,3,3,10,37,3,4,4,4,15,4,4,3,11,4,3,4,3,14,4,3,3,3,13,53,90
Cambodia,2016,NF,6,5,1,1,2,4,1,1,1,1,4,1,1,1,3,11,1,3,2,3,9,1,1,1,3,0,1,1,1,3,2,1,2,1,6,21,32
Cameroon,2016,NF,6,6,1,1,1,3,1,0,1,1,3,1,1,1,3,9,1,2,2,2,7,1,1,1,3,0,1,0,0,1,1,1,1,1,4,15,24
Canada,2016,F,1,1,4,4,4,12,4,4,4,4,16,4,4,4,12,40,4,4,4,4,16,4,4,4,12,4,4,4,3,15,4,4,4,4,16,59,99
Central African Republic,2016,NF,7,7,0,0,1,1,1,0,0,0,1,0,0,0,0,1,1,0,2,1,4,0,0,1,1,0,0,0,0,0,0,0,1,0,1,6,7
Chad,2016,NF,7,6,1,0,1,2,1,0,0,0,1,1,0,0,1,4,1,1,3,2,7,2,1,2,5,0,1,0,0,1,1,1,0,1,3,16,20
Chile,2016,F,1,1,4,4,4,12,4,4,4,3,15,4,3,4,11,38,4,4,4,4,16,4,4,4,12,4,4,3,3,14,4,4,4,3,15,57,95
China,2016,NF,7,6,0,0,0,0,0,0,0,1,1,0,1,1,2,1,1,0,1,2,4,1,1,1,3,1,1,0,0,2,1,1,2,2,6,15,16
Colombia,2016,PF,3,4,4,3,3,10,3,3,2,3,11,3,2,3,8,29,2,4,3,3,12,2,2,1,5,3,1,1,2,7,3,2,3,2,10,34,63
Comoros,2016,PF,3,4,3,3,3,9,3,3,3,2,11,2,1,1,4,24,2,2,3,3,10,2,2,3,7,2,2,2,2,8,2,2,1,1,6,31,55
Congo (Brazzaville),2016,NF,6,5,0,1,0,1,1,0,0,1,2,1,1,1,3,6,1,3,1,2,7,1,2,3,6,0,1,1,0,2,2,2,2,1,7,22,28
Congo (Kinshasa),2016,NF,6,6,1,1,1,3,1,1,1,1,4,1,0,1,2,9,1,3,2,2,8,1,1,1,3,0,0,0,0,0,2,1,1,1,5,16,25
Costa Rica,2016,F,1,1,4,4,4,12,4,4,4,3,15,4,3,3,10,37,4,4,4,4,16,4,4,3,11,4,3,3,3,13,4,3,3,3,13,53,90
Cote d'Ivoire,2016,PF,4,4,3,2,2,7,2,2,2,2,8,3,1,1,5,20,2,3,3,3,11,2,3,2,7,1,1,2,2,6,2,2,1,2,7,31,51
Croatia,2016,F,1,2,4,4,4,12,4,4,4,3,15,4,3,3,10,37,3,3,4,4,14,4,4,4,12,3,3,3,2,11,4,3,3,3,13,50,87
Cuba,2016,NF,7,6,0,0,0,0,0,0,0,0,0,0,1,0,1,1,1,3,0,1,5,0,0,0,0,0,1,1,1,3,1,1,3,1,6,14,15
Cyprus,2016,F,1,1,4,4,3,11,4,4,4,4,16,4,3,4,11,38,4,4,3,4,15,4,4,4,12,4,4,4,3,15,3,4,4,3,14,56,94
Czech Republic,2016,F,1,1,4,4,4,12,4,4,4,3,15,4,3,4,11,38,4,4,4,4,16,4,4,4,12,3,4,4,3,14,4,4,4,3,15,57,95
Denmark,2016,F,1,1,4,4,4,12,4,4,4,4,16,4,4,4,12,40,4,4,4,4,16,4,4,4,12,4,4,4,3,15,4,4,3,4,15,58,98
Djibouti,2016,NF,6,5,1,1,1,3,1,0,1,1,3,1,1,1,3,9,1,1,2,2,6,0,1,2,3,0,2,1,1,4,2,2,1,1,6,19,28
Dominica,2016,F,1,1,4,4,4,12,4,4,4,4,16,4,3,3,10,38,3,4,4,4,15,4,4,4,12,4,4,4,3,15,4,4,3,4,15,57,95
Dominican Republic,2016,PF,3,3,4,3,3,10,4,2,3,1,10,4,2,3,9,29,2,4,4,4,14,3,4,3,10,3,2,2,1,8,2,3,2,2,9,41,70
Ecuador,2016,PF,3,3,3,3,1,7,3,2,3,3,11,3,1,2,6,24,1,4,4,3,12,2,2,3,7,1,1,2,2,6,3,2,3,2,10,35,59
Egypt,2016,NF,6,5,1,1,1,3,1,0,1,2,4,0,1,1,2,9,1,1,1,2,5,1,1,2,4,1,0,0,1,2,2,2,2,1,7,18,27
El Salvador,2016,F,2,3,4,3,3,10,4,4,3,3,14,3,3,3,9,33,2,4,3,3,12,3,3,2,8,3,2,1,2,8,2,2,2,2,8,36,69
Equatorial Guinea,2016,NF,7,7,0,0,0,0,1,0,0,0,1,0,0,0,0,1,0,2,1,1,4,0,0,0,0,0,0,0,0,0,1,1,1,0,3,7,8
Eritrea,2016,NF,7,7,0,0,0,0,0,0,0,0,0,0,1,0,1,1,0,0,0,0,0,0,0,0,0,0,0,0,0,0,0,0,2,0,2,2,3
Estonia,2016,F,1,1,4,4,4,12,4,4,4,3,15,4,3,4,11,38,4,4,4,4,16,4,4,4,12,4,3,4,3,14,4,4,3,3,14,56,94
Eswatini,2016,NF,7,5,0,0,0,0,0,0,0,1,1,0,0,0,0,1,1,3,1,2,7,0,1,1,2,1,1,1,1,4,1,1,1,1,4,17,18
Ethiopia,2016,NF,7,6,0,0,1,1,0,0,0,0,0,0,2,1,3,4,0,2,1,0,3,0,0,0,0,1,1,0,1,3,2,1,1,1,5,11,15
Fiji,2016,PF,3,3,3,3,3,9,3,2,3,3,11,3,2,2,7,27,2,3,3,3,11,2,2,1,5,2,2,3,2,9,3,3,2,2,10,35,62
Finland,2016,F,1,1,4,4,4,12,4,4,4,4,16,4,4,4,12,40,4,4,4,4,16,4,4,4,12,4,4,4,4,16,4,4,4,4,16,60,100
France,2016,F,1,1,4,4,4,12,4,4,4,3,15,4,3,4,11,38,4,3,4,3,14,3,4,4,11,4,3,3,3,13,4,4,4,3,15,53,91
Gabon,2016,NF,6,5,0,1,1,2,1,1,1,1,4,1,1,1,3,9,1,3,3,3,10,1,1,2,4,1,2,2,1,6,2,1,1,1,5,25,34
Georgia,2016,PF,3,3,3,3,3,9,3,3,3,2,11,3,2,2,7,27,2,2,4,3,11,3,3,2,8,2,2,2,2,8,3,2,3,2,10,37,64
Germany,2016,F,1,1,4,4,4,12,4,4,4,3,15,4,4,4,12,39,4,3,4,4,15,4,4,4,12,4,4,3,3,14,4,4,4,3,15,56,95
Ghana,2016,F,1,2,4,4,4,12,4,4,4,3,15,4,3,3,10,37,3,3,4,4,14,4,4,3,11,2,3,3,3,11,3,3,2,2,10,46,83
Greece,2016,F,2,2,4,4,4,12,4,4,4,3,15,3,2,3,8,35,3,3,4,4,14,3,4,4,11,3,3,2,2,10,4,3,3,3,13,48,83
Grenada,2016,F,1,2,4,4,4,12,4,4,4,4,16,4,3,3,10,38,3,4,4,4,15,4,4,3,11,3,3,3,3,12,4,3,3,3,13,51,89
Guatemala,2016,PF,4,4,3,3,2,8,3,3,2,2,10,2,2,1,5,23,2,4,3,3,12,2,2,2,6,1,2,1,1,5,3,2,2,1,8,31,54
Guinea,2016,PF,5,5,3,1,2,6,2,2,2,2,8,1,1,1,3,17,1,3,2,3,9,1,2,2,5,1,1,1,1,4,1,2,1,1,5,23,40
Guinea-Bissau,2016,PF,5,5,2,3,2,7,3,2,1,2,8,1,0,0,1,16,1,3,3,3,10,1,2,2,5,1,0,0,2,3,2,1,1,1,5,23,39
Guyana,2016,F,2,3,4,4,3,11,4,4,3,2,13,4,2,2,8,32,3,4,4,4,15,3,4,3,10,2,2,2,2,8,3,2,2,2,9,42,74
Haiti,2016,PF,5,5,2,1,1,4,2,1,2,3,8,2,1,2,5,17,2,3,2,3,10,2,1,1,4,1,1,1,1,4,2,2,2,0,6,24,41
Honduras,2016,PF,4,4,2,3,2,7,3,3,1,2,9,1,1,1,3,19,1,4,2,2,9,2,1,2,5,1,1,1,1,4,2,2,2,2,8,26,45
Hungary,2016,F,2,2,3,3,3,9,4,4,4,3,15,3,3,2,8,32,2,4,3,4,13,4,3,4,11,2,3,3,2,10,4,3,3,3,13,47,79
Iceland,2016,F,1,1,4,4,4,12,4,4,4,4,16,4,4,4,12,40,4,4,4,4,16,4,4,4,12,4,4,4,4,16,4,4,4,4,16,60,100
India,2016,F,2,3,4,4,4,12,4,4,3,3,14,4,2,3,9,35,3,3,3,4,13,4,3,3,10,3,2,2,2,9,3,3,2,2,10,42,77
Indonesia,2016,PF,2,4,4,4,3,11,4,4,3,3,14,3,1,2,6,31,3,1,4,4,12,2,3,3,8,2,1,1,1,5,3,2,2,2,9,34,65
Iran,2016,NF,6,6,1,1,1,3,0,1,0,1,2,1,0,1,2,7,0,0,1,1,2,0,0,1,1,1,1,0,1,3,1,1,1,1,4,10,17
Iraq,2016,NF,5,6,2,3,3,8,2,2,0,1,5,1,0,1,2,12,1,1,1,2,5,2,2,2,6,0,0,0,0,0,1,1,1,1,4,15,27
Ireland,2016,F,1,1,4,4,4,12,4,4,4,4,16,4,3,4,11,39,4,4,4,4,16,4,4,4,12,4,4,3,3,14,4,4,3,4,15,57,96
Israel,2016,F,1,2,4,4,4,12,3,4,4,3,14,4,3,3,10,36,3,3,3,3,12,3,3,4,10,4,3,2,2,11,3,3,3,2,11,44,80
Italy,2016,F,1,1,4,4,4,12,4,4,3,3,14,4,3,3,10,36,3,4,4,4,15,4,4,4,12,3,3,3,3,12,4,3,4,3,14,53,89
Jamaica,2016,F,2,3,4,4,4,12,4,4,2,3,13,4,3,2,9,34,4,4,4,3,15,3,3,3,9,2,2,2,1,7,3,2,2,3,10,41,75
Japan,2016,F,1,1,4,4,4,12,4,4,4,4,16,4,4,4,12,40,3,4,4,4,15,4,4,4,12,4,4,4,3,15,4,4,3,3,14,56,96
Jordan,2016,NF,6,5,0,1,1,2,2,1,1,2,6,0,2,1,3,11,1,2,2,2,7,1,2,1,4,2,1,1,2,6,2,2,2,2,8,25,36
Kazakhstan,2016,NF,6,5,1,0,1,2,1,0,1,1,3,0,1,0,1,6,0,1,2,1,4,1,1,0,2,1,1,1,1,4,2,2,2,2,8,18,24
Kenya,2016,PF,4,4,2,3,2,7,3,3,2,2,10,2,1,2,5,22,2,2,4,3,11,2,2,2,6,2,1,1,1,5,2,1,2,2,7,29,51
Kiribati,2016,F,1,1,4,4,4,12,4,4,4,4,16,4,2,2,8,36,3,4,4,4,15,4,4,4,12,4,4,4,3,15,4,3,3,3,13,55,91
Kosovo,2016,PF,3,4,3,3,3,9,3,3,2,2,10,2,1,2,5,24,2,2,2,3,9,2,2,2,6,1,1,2,2,6,2,1,2,2,7,28,52
Kuwait,2016,PF,5,5,0,1,1,2,2,2,2,1,7,1,1,2,4,13,1,2,2,1,6,1,2,1,4,1,2,2,2,7,2,1,2,1,6,23,36
Kyrgyzstan,2016,PF,5,5,2,2,2,6,2,2,1,1,6,1,1,2,4,14,2,1,3,3,9,1,1,2,4,1,1,1,1,4,2,2,2,1,7,24,38
Laos,2016,NF,7,6,0,0,0,0,0,0,0,0,0,0,0,1,1,1,0,2,1,1,4,0,0,0,0,0,0,1,1,2,1,1,2,1,5,11,12
Latvia,2016,F,2,2,4,4,4,12,4,4,3,3,14,3,3,3,9,35,3,4,4,4,15,4,4,4,12,3,3,3,3,12,4,3,3,2,12,51,86
Lebanon,2016,PF,5,4,0,0,2,2,3,3,1,2,9,0,1,1,2,13,2,3,3,3,11,2,3,2,7,1,2,1,1,5,2,2,2,1,7,30,43
Lesotho,2016,PF,3,3,3,4,3,10,4,3,2,3,12,2,2,2,6,28,2,4,4,4,14,2,3,2,7,3,2,2,2,9,3,2,2,2,9,39,67
Liberia,2016,PF,3,4,3,3,3,9,3,3,3,3,12,3,2,2,7,28,2,2,3,3,10,3,3,2,8,2,1,2,2,7,2,2,2,2,8,33,61
Libya,2016,NF,6,6,1,1,2,4,1,0,0,1,2,0,0,0,0,6,1,1,2,2,6,1,2,0,3,1,0,0,0,1,0,1,2,1,4,14,20
Liechtenstein,2016,F,1,1,4,4,4,12,4,4,4,3,15,4,4,4,12,39,4,4,4,4,16,4,4,4,12,4,4,4,3,15,4,4,4,4,16,59,98
Lithuania,2016,F,1,1,4,4,4,12,4,4,4,4,16,4,3,3,10,38,4,4,4,4,16,4,4,3,11,4,3,3,3,13,4,3,3,3,13,53,91
Luxembourg,2016,F,1,1,4,4,4,12,4,4,4,4,16,4,3,3,10,38,4,4,4,4,16,4,4,4,12,4,4,4,4,16,4,4,4,4,16,60,98
Madagascar,2016,PF,3,4,3,3,3,9,3,3,2,2,10,2,1,2,5,24,2,2,3,3,10,2,3,3,8,1,1,2,2,6,3,2,1,2,8,32,56
Malawi,2016,PF,3,3,3,3,2,8,3,3,3,3,12,3,2,2,7,27,3,4,3,3,13,3,2,3,8,3,2,2,2,9,2,2,1,2,7,37,64
Malaysia,2016,PF,4,4,2,2,2,6,2,2,2,1,7,2,1,2,5,18,2,1,2,2,7,2,2,2,6,1,2,1,1,5,3,3,2,1,9,27,45
Maldives,2016,PF,4,5,2,3,2,7,2,2,1,1,6,3,2,1,6,19,1,1,2,2,6,1,2,2,5,1,1,2,2,6,2,2,1,2,7,24,43
Mali,2016,PF,5,4,2,2,2,6,2,2,1,2,7,2,1,1,4,17,3,3,3,3,12,2,2,2,6,2,2,1,1,6,1,1,1,1,4,28,45
Malta,2016,F,1,1,4,4,4,12,4,4,4,4,16,4,3,4,11,39,4,4,4,4,16,4,4,4,12,4,4,4,3,15,4,4,3,3,14,57,96
Marshall Islands,2016,F,1,1,4,4,4,12,3,4,4,4,15,4,3,3,10,37,4,4,4,4,16,4,4,3,11,4,4,4,3,15,4,3,3,3,13,55,92
Mauritania,2016,NF,6,5,1,1,1,3,1,1,0,0,2,1,2,1,4,9,2,2,3,2,9,1,1,2,4,1,1,1,1,4,1,2,1,0,4,21,30
Mauritius,2016,F,1,2,4,4,4,12,4,4,4,3,15,4,3,4,11,38,3,4,4,4,15,4,4,4,12,3,4,3,3,13,4,3,3,2,12,52,90
Mexico,2016,PF,3,3,3,3,3,9,3,4,2,3,12,2,2,3,7,28,2,4,4,3,13,3,3,2,8,2,1,1,2,6,3,2,3,2,10,37,65
Micronesia,2016,F,1,1,4,4,4,12,4,4,4,3,15,4,3,3,10,37,4,4,4,4,16,4,4,3,11,4,4,4,3,15,4,4,3,3,14,56,93
Moldova,2016,PF,3,3,4,3,3,10,4,3,1,3,11,3,0,1,4,25,2,3,3,3,11,3,3,2,8,2,1,2,2,7,3,2,2,2,9,35,60
Monaco,2016,F,2,1,2,4,4,10,3,3,2,3,11,3,4,3,10,31,4,4,4,4,16,4,4,4,12,3,4,4,4,15,4,3,3,4,14,57,88
Mongolia,2016,F,1,2,4,4,3,11,4,4,4,4,16,4,2,3,9,36,3,4,4,4,15,4,4,3,11,3,3,3,3,12,4,3,3,2,12,50,86
Montenegro,2016,PF,3,3,3,3,3,9,3,2,3,3,11,3,2,2,7,27,2,3,3,4,12,3,3,3,9,2,2,3,3,10,3,3,3,3,12,43,70
Morocco,2016,PF,5,4,1,2,2,5,2,2,1,2,7,1,1,1,3,15,1,2,2,3,8,1,2,2,5,1,2,2,1,6,2,2,2,1,7,26,41
Mozambique,2016,PF,4,4,2,2,2,6,2,2,3,3,10,2,2,2,6,22,2,4,2,3,11,2,3,2,7,2,2,1,2,7,3,2,2,2,9,34,56
Myanmar,2016,NF,6,5,0,2,1,3,2,3,2,1,8,2,0,1,3,11,2,1,1,3,7,1,2,1,4,0,1,0,0,1,2,1,1,1,5,17,28
Namibia,2016,F,2,2,4,3,3,10,3,2,3,3,11,3,3,3,9,30,3,4,4,3,14,4,4,4,12,3,3,3,2,11,3,3,2,2,10,47,77
Nauru,2016,F,2,2,4,4,4,12,4,3,4,4,15,3,3,2,8,35,2,4,4,3,13,3,4,3,10,3,3,3,3,12,4,4,3,3,14,49,84
Nepal,2016,PF,3,4,3,3,3,9,3,3,2,3,11,3,1,1,5,25,2,2,2,3,9,1,2,2,5,2,1,1,1,5,2,2,2,1,7,26,51
Netherlands,2016,F,1,1,4,4,4,12,4,4,4,4,16,4,4,4,12,40,4,4,4,4,16,4,4,4,12,4,4,4,3,15,4,4,4,4,16,59,99
New Zealand,2016,F,1,1,4,4,4,12,4,4,4,4,16,4,4,4,12,40,4,4,4,4,16,4,4,4,12,4,4,4,3,15,4,4,4,3,15,58,98
Nicaragua,2016,PF,4,3,2,2,2,6,2,1,1,3,7,2,2,2,6,19,2,4,3,3,12,2,2,2,6,1,2,2,2,7,3,3,2,2,10,35,54
Niger,2016,PF,3,4,3,3,2,8,3,2,2,2,9,3,2,2,7,24,2,3,3,3,11,2,2,2,6,1,2,1,1,5,2,2,1,1,6,28,52
Nigeria,2016,PF,4,5,3,3,3,9,3,3,2,2,10,2,2,1,5,23,2,1,3,3,9,2,2,3,7,2,1,0,1,4,1,2,1,1,5,25,48
North Korea,2016,NF,7,7,0,0,0,0,0,0,0,0,0,0,0,0,0,0,0,0,0,0,0,0,0,0,0,0,0,0,0,0,0,1,1,1,3,3,3
North Macedonia,2016,PF,4,3,2,1,3,6,3,2,2,3,10,2,2,2,6,22,2,3,3,2,10,3,3,2,8,2,2,1,2,7,3,3,2,2,10,35,57
Norway,2016,F,1,1,4,4,4,12,4,4,4,4,16,4,4,4,12,40,4,4,4,4,16,4,4,4,12,4,4,4,4,16,4,4,4,4,16,60,100
Oman,2016,NF,6,5,0,1,1,2,0,0,1,1,2,0,2,0,2,8,1,2,1,1,5,0,1,2,3,0,1,2,1,4,1,2,1,1,5,17,25
Pakistan,2016,PF,4,5,3,2,2,7,3,3,1,1,8,1,1,3,5,20,1,1,1,2,5,3,1,2,6,2,1,0,1,4,2,2,1,1,6,21,41
Palau,2016,F,1,1,4,4,4,12,4,4,4,3,15,4,3,3,10,37,4,4,4,4,16,4,4,3,11,4,4,4,3,15,4,3,3,3,13,55,92
Panama,2016,F,2,2,4,4,4,12,4,4,4,3,15,4,2,2,8,35,3,4,4,4,15,4,4,3,11,2,2,3,3,10,4,3,3,2,12,48,83
Papua New Guinea,2016,PF,4,3,3,3,3,9,3,3,2,2,10,2,1,1,4,23,3,3,3,3,12,3,3,3,9,2,1,2,2,7,3,1,2,2,8,36,59
Paraguay,2016,PF,3,3,3,4,3,10,3,4,3,2,12,2,1,2,5,27,2,4,3,3,12,3,3,2,8,2,1,2,2,7,3,3,2,2,10,37,64
Peru,2016,F,2,3,3,4,3,10,4,4,3,2,13,3,2,2,7,30,3,4,4,4,15,3,3,2,8,2,2,2,2,8,3,3,2,2,10,41,71
Philippines,2016,PF,3,3,3,3,3,9,3,3,2,3,11,3,2,2,7,27,2,4,4,4,14,3,3,3,9,2,1,1,1,5,3,2,3,2,10,38,65
Poland,2016,F,1,1,4,4,4,12,4,4,4,4,16,4,3,3,10,38,4,4,4,4,16,4,4,4,12,3,3,4,3,13,4,4,3,3,14,55,93
Portugal,2016,F,1,1,4,4,4,12,4,4,4,4,16,4,3,4,11,39,4,4,4,4,16,4,4,4,12,4,4,3,4,15,4,4,4,3,15,58,97
Qatar,2016,NF,6,5,0,1,1,2,0,0,1,1,2,0,2,1,3,9,2,2,2,2,8,1,0,1,2,1,1,2,0,4,1,1,1,1,4,18,27
Romania,2016,F,2,2,4,4,3,11,4,4,3,3,14,4,3,2,9,34,3,3,4,4,14,4,4,3,11,3,3,3,3,12,4,2,3,3,12,49,83
Russia,2016,NF,6,6,0,1,0,1,1,0,1,1,3,1,1,1,3,7,0,1,1,1,3,1,0,2,3,1,1,0,0,2,2,1,2,2,7,15,22
Rwanda,2016,NF,6,6,0,1,1,2,0,0,0,1,1,1,2,2,5,8,0,3,1,0,4,0,1,1,2,0,2,0,1,3,2,2,2,1,7,16,24
Samoa,2016,F,2,2,3,3,3,9,3,4,3,3,13,3,3,3,9,31,3,3,4,4,14,4,3,3,10,3,3,4,3,13,3,3,3,3,12,49,80
San Marino,2016,F,1,1,4,4,4,12,4,4,4,4,16,4,4,4,12,40,4,4,4,4,16,4,4,4,12,4,4,4,4,16,4,4,4,4,16,60,100
Sao Tome and Principe,2016,F,2,2,4,4,3,11,4,4,3,3,14,4,2,3,9,34,3,4,4,4,15,4,3,3,10,3,3,3,3,12,3,3,2,2,10,47,81
Saudi Arabia,2016,NF,7,7,0,0,0,0,0,0,0,0,0,0,1,0,1,3,0,0,1,2,3,0,0,0,0,1,1,0,0,2,0,1,0,1,2,7,10
Senegal,2016,F,2,2,4,4,3,11,3,4,3,3,13,3,3,3,9,33,3,4,4,4,15,3,4,3,10,2,3,3,2,10,3,3,2,2,10,45,78
Serbia,2016,F,2,2,3,4,3,10,4,3,3,3,13,3,2,2,7,30,2,4,4,4,14,4,4,3,11,2,3,3,2,10,4,3,3,3,13,48,78
Seychelles,2016,PF,3,3,3,3,3,9,3,2,3,2,10,3,2,2,7,26,2,3,3,3,11,3,3,3,9,2,3,3,3,11,3,3,2,3,11,42,68
Sierra Leone,2016,PF,3,3,3,3,4,10,2,3,3,3,11,3,1,3,7,28,2,4,3,3,12,2,3,2,7,2,2,3,2,9,2,3,2,2,9,37,65
Singapore,2016,PF,4,4,1,2,1,4,2,2,2,2,8,2,3,2,7,19,1,3,2,3,9,2,1,1,4,1,2,2,2,7,3,3,3,3,12,32,51
Slovakia,2016,F,1,1,4,4,4,12,4,4,4,3,15,4,3,2,9,36,3,4,4,4,15,4,4,4,12,3,3,3,3,12,4,4,3,3,14,53,89
Slovenia,2016,F,1,1,4,4,4,12,4,4,4,4,16,4,3,4,11,39,3,3,4,4,14,4,4,4,12,3,4,4,3,14,4,3,3,3,13,53,92
Solomon Islands,2016,PF,3,3,3,3,3,9,3,3,2,2,10,2,2,2,6,25,3,4,4,3,14,3,3,3,9,2,2,2,2,8,3,3,3,3,12,43,68
Somalia,2016,NF,7,7,0,0,0,0,0,0,0,0,0,0,0,0,0,0,0,0,0,1,1,0,0,0,0,0,0,0,0,0,0,1,0,0,1,2,2
South Africa,2016,F,2,2,4,4,4,12,3,2,4,4,13,3,2,3,8,33,3,4,4,4,15,4,4,4,12,3,2,2,2,9,3,3,2,2,10,46,79
South Korea,2016,F,2,2,4,4,3,11,3,4,3,3,13,4,3,3,10,34,3,4,2,3,12,4,3,4,11,4,3,3,3,13,4,3,3,3,13,49,83
South Sudan,2016,NF,7,6,1,1,1,3,1,0,0,0,1,1,0,0,1,2,0,2,1,1,4,1,1,1,3,1,0,0,0,1,2,1,0,1,4,12,14
Spain,2016,F,1,1,4,4,4,12,4,4,4,4,16,4,3,4,11,39,3,4,4,4,15,3,4,4,11,4,4,4,3,15,4,4,4,3,15,56,95
Sri Lanka,2016,PF,4,4,3,3,2,8,3,3,2,2,10,3,1,2,6,23,2,2,2,3,9,2,3,3,8,2,2,2,1,7,2,2,2,2,8,32,55
St. Kitts and Nevis,2016,F,2,1,4,3,3,10,4,4,4,4,16,3,3,3,9,35,3,4,4,4,15,4,4,4,12,4,3,3,3,13,4,3,3,3,13,53,88
St. Lucia,2016,F,1,1,4,4,4,12,4,4,4,4,16,4,3,4,11,39,3,4,4,4,15,4,4,4,12,3,3,3,3,12,4,4,3,3,14,53,92
St. Vincent and the Grenadines,2016,F,1,1,4,4,3,11,4,4,4,4,16,4,3,3,10,37,3,4,4,4,15,4,4,4,12,3,3,4,3,13,4,4,3,3,14,54,91
Sudan,2016,NF,7,7,1,1,0,2,1,0,1,1,3,1,0,0,1,2,0,0,1,1,2,0,1,0,1,0,0,0,0,0,0,1,0,0,1,4,6
Suriname,2016,F,2,3,4,4,4,12,4,4,3,3,14,4,2,2,8,34,3,4,4,4,15,4,4,3,11,1,1,3,2,7,3,2,3,2,10,43,77
Sweden,2016,F,1,1,4,4,4,12,4,4,4,4,16,4,4,4,12,40,4,4,4,4,16,4,4,4,12,4,4,4,4,16,4,4,4,4,16,60,100
Switzerland,2016,F,1,1,4,4,4,12,4,4,4,3,15,4,4,4,12,39,4,3,4,4,15,4,4,4,12,4,4,4,3,15,4,4,4,3,15,57,96
Syria,2016,NF,7,7,0,0,0,0,0,0,0,0,0,0,0,0,0,-3,0,1,0,1,2,0,0,0,0,0,0,0,0,0,0,0,0,0,0,2,-1
Taiwan,2016,F,1,2,4,4,4,12,4,4,3,4,15,4,3,3,10,37,3,4,3,4,14,4,4,3,11,4,3,4,3,14,4,3,3,3,13,52,89
Tajikistan,2016,NF,7,6,0,0,1,1,0,0,0,0,0,0,0,1,1,2,1,0,1,2,4,1,1,1,3,1,1,0,1,3,1,1,1,1,4,14,16
Tanzania,2016,PF,3,4,3,3,2,8,3,3,3,3,12,3,2,2,7,27,2,3,2,2,9,2,2,2,6,2,3,2,2,9,3,2,2,2,9,33,60
Thailand,2016,NF,6,5,0,0,1,1,1,1,0,1,3,0,2,1,3,7,1,3,1,1,6,1,1,2,4,1,1,1,2,5,3,2,3,2,10,25,32
The Gambia,2016,NF,7,6,0,1,0,1,1,0,1,2,4,0,0,0,0,5,0,2,1,0,3,0,1,2,3,0,0,0,1,1,2,2,1,1,6,13,18
Timor-Leste,2016,PF,3,3,4,4,3,11,3,3,3,3,12,2,2,2,6,29,2,3,4,3,12,3,3,2,8,1,1,3,2,7,3,2,2,2,9,36,65
Togo,2016,PF,4,4,2,2,2,6,2,1,2,2,7,2,1,2,5,18,2,3,2,2,9,2,2,3,7,2,2,2,1,7,2,2,1,2,7,30,48
Tonga,2016,F,2,2,4,4,3,11,4,4,3,3,14,3,1,2,6,31,3,4,3,3,13,3,3,2,8,3,3,3,2,11,4,3,3,2,12,44,75
Trinidad and Tobago,2016,F,2,2,4,4,3,11,3,4,3,3,13,4,2,3,9,33,4,3,4,4,15,4,4,3,11,3,2,2,2,9,4,3,3,3,13,48,81
Tunisia,2016,F,1,3,4,4,4,12,4,4,4,4,16,4,2,3,9,37,3,3,3,4,13,3,3,3,9,2,2,3,2,9,3,2,4,2,11,42,79
Turkey,2016,PF,3,4,3,3,3,9,2,2,3,2,9,3,1,2,6,24,1,2,2,3,8,2,2,2,6,1,1,2,2,6,3,2,2,2,9,29,53
Turkmenistan,2016,NF,7,7,0,0,0,0,0,0,0,0,0,0,0,0,0,0,0,0,0,1,1,0,0,0,0,0,0,0,0,0,1,1,1,0,3,4,4
Tuvalu,2016,F,1,1,4,4,4,12,4,4,4,3,15,4,3,3,10,37,4,4,4,4,16,4,4,4,12,4,4,4,3,15,4,4,3,3,14,57,94
Uganda,2016,NF,6,5,1,1,1,3,1,1,1,2,5,1,1,1,3,11,1,3,3,2,9,1,1,2,4,2,1,1,1,5,2,2,1,2,7,25,36
Ukraine,2016,PF,3,3,4,3,2,9,3,3,1,3,10,3,1,2,6,25,2,3,3,3,11,3,3,3,9,1,2,1,2,6,3,2,3,2,10,36,61
United Arab Emirates,2016,NF,6,6,0,1,0,1,0,0,1,1,2,0,2,0,2,7,1,1,1,1,4,1,0,1,2,0,1,1,1,3,1,1,1,1,4,13,20
United Kingdom,2016,F,1,1,4,4,4,12,4,4,4,4,16,4,4,4,12,40,3,4,3,3,13,4,4,4,12,4,4,4,3,15,4,4,4,3,15,55,95
United States,2016,F,1,1,4,4,3,11,4,4,3,4,15,3,4,3,10,36,4,4,4,3,15,4,4,3,11,4,3,3,3,13,4,4,4,3,15,54,90
Uruguay,2016,F,1,1,4,4,4,12,4,4,4,4,16,4,4,4,12,40,4,4,4,4,16,4,4,4,12,4,3,4,4,15,4,4,4,3,15,58,98
Uzbekistan,2016,NF,7,7,0,0,0,0,0,0,0,0,0,0,0,0,0,0,0,0,0,0,0,0,0,0,0,0,0,0,0,0,1,1,1,0,3,3,3
Vanuatu,2016,F,2,2,3,3,3,9,4,4,4,3,15,3,2,2,7,31,3,4,4,4,15,4,4,3,11,2,2,3,3,10,4,3,2,2,11,47,78
Venezuela,2016,PF,5,5,2,2,1,5,2,2,1,3,8,1,0,1,2,15,1,3,2,2,8,1,1,1,3,0,0,0,1,1,2,1,3,2,8,20,35
Vietnam,2016,NF,7,5,0,0,0,0,0,0,0,1,1,0,1,1,2,3,1,1,1,1,4,1,0,0,1,1,1,1,1,4,2,1,3,2,8,17,20
Yemen,2016,NF,7,6,0,0,2,2,1,0,0,0,1,0,1,0,1,4,1,2,1,1,5,1,1,1,3,1,0,0,1,2,0,1,1,1,3,13,17
Zambia,2016,PF,3,4,3,2,3,8,2,3,3,3,11,3,2,2,7,26,2,3,3,3,11,2,2,3,7,2,2,2,2,8,3,2,1,2,8,34,60
Zimbabwe,2016,PF,5,5,1,1,1,3,2,2,1,1,6,1,1,1,3,12,1,3,2,2,8,1,2,1,4,2,0,0,1,3,2,1,1,1,5,20,32
Afghanistan,2015,NF,6,6,1,1,1,3,2,1,1,2,6,1,1,0,2,11,1,1,1,2,5,2,1,1,4,1,0,0,1,2,0,1,0,1,2,13,24
Albania,2015,PF,3,3,3,3,2,8,3,4,3,3,13,3,1,2,6,27,2,4,3,4,13,4,3,2,9,2,2,2,3,9,3,2,2,2,9,40,67
Algeria,2015,NF,6,5,1,2,1,4,1,1,1,1,4,1,1,1,3,11,1,1,2,3,7,1,1,2,4,1,1,1,2,5,2,2,2,1,7,23,34
Andorra,2015,F,1,1,4,4,4,12,4,4,3,4,15,4,4,4,12,39,4,4,4,4,16,4,4,3,11,4,4,4,3,15,4,3,4,4,15,57,96
Angola,2015,NF,6,5,0,2,1,3,2,1,1,2,6,1,0,0,1,10,1,2,2,2,7,1,2,1,4,1,1,1,1,4,1,1,1,0,3,18,28
Antigua and Barbuda,2015,F,2,2,4,4,3,11,3,4,3,3,13,3,2,2,7,31,2,4,4,4,14,3,3,3,9,3,3,4,3,13,4,3,3,3,13,49,80
Argentina,2015,F,2,2,4,4,3,11,4,3,4,3,14,3,1,2,6,31,2,4,4,4,14,4,4,3,11,2,3,3,3,11,3,3,4,3,13,49,80
Armenia,2015,PF,5,4,1,2,2,5,2,2,1,2,7,1,1,2,4,16,2,2,2,3,9,2,2,2,6,1,1,2,2,6,3,2,2,2,9,30,46
Australia,2015,F,1,1,4,4,4,12,4,4,4,3,15,4,4,4,12,39,4,4,4,4,16,4,4,4,12,4,4,4,3,15,4,4,4,3,15,58,97
Austria,2015,F,1,1,4,4,4,12,4,4,4,3,15,4,3,4,11,38,4,4,4,4,16,4,4,4,12,4,4,4,3,15,4,4,4,3,15,58,96
Azerbaijan,2015,NF,6,6,0,0,1,1,1,0,1,1,3,1,1,0,2,6,0,1,1,2,4,0,0,1,1,1,1,0,1,3,2,1,2,1,6,14,20
Bahamas,2015,F,1,1,4,4,4,12,4,4,4,4,16,4,3,3,10,38,4,4,4,4,16,4,4,4,12,4,4,4,3,15,4,4,4,3,15,58,96
Bahrain,2015,NF,7,6,0,1,1,2,1,1,0,0,2,1,2,0,3,5,0,1,0,1,2,0,0,1,1,0,1,0,0,1,1,2,2,1,6,10,15
Bangladesh,2015,PF,4,4,2,2,3,7,2,2,2,3,9,2,1,2,5,21,2,2,2,2,8,2,2,2,6,2,1,2,1,6,3,2,2,2,9,29,50
Barbados,2015,F,1,1,4,4,4,12,4,4,4,4,16,4,4,4,12,40,4,4,4,4,16,4,4,4,12,4,4,4,4,16,4,4,3,4,15,59,99
Belarus,2015,NF,7,6,0,0,0,0,1,0,1,1,3,0,1,0,1,4,1,1,0,1,3,0,1,0,1,0,1,0,0,1,1,1,2,1,5,10,14
Belgium,2015,F,1,1,4,4,4,12,4,4,4,4,16,4,4,4,12,40,4,3,4,4,15,4,4,4,12,4,4,4,3,15,4,4,4,3,15,57,97
Belize,2015,F,1,2,4,4,4,12,4,4,4,2,14,4,2,4,10,36,3,4,4,4,15,3,4,4,11,3,3,3,3,12,4,3,3,3,13,51,87
Benin,2015,F,2,2,3,3,2,8,4,4,4,4,16,3,2,3,8,32,3,4,4,4,15,4,4,4,12,3,3,3,3,12,3,3,2,2,10,49,81
Bhutan,2015,PF,3,4,3,4,3,10,3,4,2,1,10,3,3,4,10,29,2,2,2,3,9,2,1,1,4,3,1,1,1,6,2,2,2,2,8,27,56
Bolivia,2015,PF,3,3,4,4,3,11,3,2,3,3,11,3,2,2,7,29,2,4,4,4,14,3,3,3,9,1,1,2,2,6,3,2,3,2,10,39,68
Bosnia and Herzegovina,2015,PF,4,3,3,3,2,8,3,3,2,2,10,2,2,1,5,23,2,3,2,3,10,3,2,2,7,3,2,3,2,10,3,2,3,2,10,37,60
Botswana,2015,F,3,2,3,4,3,10,3,2,3,2,10,3,3,2,8,28,2,4,3,3,12,4,4,2,10,3,3,3,3,12,3,3,2,3,11,45,73
Brazil,2015,F,2,2,4,3,4,11,4,4,3,3,14,3,2,3,8,33,3,4,4,4,15,3,4,3,10,3,2,2,3,10,4,3,3,3,13,48,81
Brunei,2015,NF,6,5,0,0,0,0,1,0,1,1,3,0,2,1,3,7,1,1,2,2,6,1,1,1,3,1,2,2,1,6,2,2,2,2,8,23,30
Bulgaria,2015,F,2,2,4,4,3,11,4,4,3,3,14,4,2,2,8,33,3,3,4,4,14,4,4,3,11,3,2,3,2,10,4,2,3,2,11,46,79
Burkina Faso,2015,PF,6,3,0,0,2,2,2,1,1,2,6,0,1,0,1,9,2,4,3,4,13,2,3,3,8,1,2,2,2,7,3,2,1,2,8,36,45
Burundi,2015,NF,6,5,1,1,2,4,1,0,1,3,5,1,0,1,2,11,1,3,2,2,8,0,2,1,3,1,1,1,1,4,2,2,1,1,6,21,32
Cabo Verde,2015,F,1,1,4,4,4,12,4,4,4,3,15,4,3,3,10,37,3,4,4,4,15,4,4,3,11,4,3,4,3,14,4,3,3,3,13,53,90
Cambodia,2015,NF,6,5,1,1,2,4,1,1,1,1,4,1,1,1,3,11,1,3,2,3,9,1,1,1,3,0,0,1,1,2,2,1,2,1,6,20,31
Cameroon,2015,NF,6,6,1,1,1,3,1,0,1,1,3,1,1,1,3,9,1,2,2,2,7,1,1,1,3,0,1,1,0,2,1,1,1,1,4,16,25
Canada,2015,F,1,1,4,4,4,12,4,4,4,4,16,4,3,4,11,39,4,4,4,4,16,4,4,4,12,4,4,4,3,15,4,4,4,4,16,59,98
Central African Republic,2015,NF,7,7,0,0,0,0,1,0,0,0,1,0,0,0,0,0,1,0,2,1,4,0,0,1,1,0,0,0,0,0,0,0,1,0,1,6,6
Chad,2015,NF,7,6,1,1,1,3,1,0,0,0,1,1,0,0,1,5,1,1,3,2,7,1,1,2,4,0,1,1,0,2,1,1,0,1,3,16,21
Chile,2015,F,1,1,4,4,4,12,4,4,4,3,15,4,4,4,12,39,4,4,4,4,16,3,4,4,11,4,4,3,3,14,4,4,4,3,15,56,95
China,2015,NF,7,6,0,0,0,0,0,0,0,1,1,0,1,1,2,2,1,0,1,2,4,1,1,1,3,1,1,0,0,2,1,1,2,2,6,15,17
Colombia,2015,PF,3,4,4,3,3,10,3,3,2,3,11,3,2,3,8,29,2,4,3,3,12,2,2,1,5,3,1,1,2,7,3,2,3,2,10,34,63
Comoros,2015,PF,3,4,3,3,3,9,3,3,3,2,11,3,1,1,5,25,2,2,3,3,10,2,2,2,6,2,2,2,2,8,2,2,1,1,6,30,55
Congo (Brazzaville),2015,NF,6,5,0,1,0,1,1,0,1,1,3,1,1,1,3,7,1,3,2,2,8,1,2,3,6,0,1,1,0,2,2,2,2,1,7,23,30
Congo (Kinshasa),2015,NF,6,6,1,1,1,3,1,1,1,1,4,1,0,1,2,9,1,3,2,2,8,1,1,1,3,0,0,0,0,0,2,1,1,1,5,16,25
Costa Rica,2015,F,1,1,4,4,4,12,4,4,4,3,15,4,3,3,10,37,4,4,4,4,16,4,4,3,11,4,3,3,3,13,4,3,3,3,13,53,90
Cote d'Ivoire,2015,PF,5,4,2,2,2,6,2,2,1,2,7,2,1,1,4,17,2,2,3,3,10,2,3,2,7,1,1,2,2,6,2,2,1,1,6,29,46
Croatia,2015,F,1,2,4,4,4,12,4,4,4,3,15,4,2,3,9,36,3,3,4,4,14,4,4,4,12,3,3,3,2,11,4,3,3,3,13,50,86
Cuba,2015,NF,7,6,0,0,0,0,0,0,0,0,0,0,1,0,1,1,1,2,0,1,4,0,0,0,0,0,1,1,1,3,1,1,3,1,6,13,14
Cyprus,2015,F,1,1,4,4,3,11,4,4,4,4,16,3,3,4,10,37,4,4,3,4,15,4,4,4,12,4,4,4,3,15,3,4,4,3,14,56,93
Czech Republic,2015,F,1,1,4,4,4,12,4,4,4,3,15,4,3,4,11,38,4,4,4,4,16,4,4,4,12,3,4,4,3,14,4,4,4,3,15,57,95
Denmark,2015,F,1,1,4,4,4,12,4,4,4,4,16,4,4,4,12,40,4,4,4,4,16,4,4,4,12,4,4,4,3,15,4,4,3,4,15,58,98
Djibouti,2015,NF,6,5,1,1,1,3,1,0,1,1,3,1,1,1,3,9,1,1,2,2,6,0,1,2,3,0,2,1,1,4,2,2,1,1,6,19,28
Dominica,2015,F,1,1,4,4,4,12,4,4,4,4,16,4,3,3,10,38,3,4,4,4,15,4,4,4,12,4,4,4,3,15,4,4,3,4,15,57,95
Dominican Republic,2015,F,2,3,4,3,3,10,4,3,3,1,11,4,2,3,9,30,3,4,4,4,15,3,4,3,10,3,2,2,1,8,3,3,2,2,10,43,73
Ecuador,2015,PF,3,3,3,3,1,7,3,2,3,3,11,3,1,2,6,24,1,4,4,3,12,2,2,3,7,1,1,2,2,6,3,2,3,2,10,35,59
Egypt,2015,NF,6,5,1,0,1,2,1,0,1,2,4,0,1,1,2,8,1,1,1,2,5,1,1,2,4,1,0,0,1,2,2,2,2,1,7,18,26
El Salvador,2015,F,2,3,4,4,4,12,4,4,3,3,14,3,3,3,9,35,3,4,4,4,15,3,3,2,8,3,2,1,2,8,3,2,2,2,9,40,75
Equatorial Guinea,2015,NF,7,7,0,0,0,0,1,0,0,0,1,0,0,0,0,1,0,2,1,1,4,0,0,0,0,0,0,0,0,0,1,1,1,0,3,7,8
Eritrea,2015,NF,7,7,0,0,0,0,0,0,0,0,0,0,1,0,1,1,0,0,0,0,0,0,0,0,0,0,0,0,0,0,0,0,2,0,2,2,3
Estonia,2015,F,1,1,4,4,4,12,4,4,4,3,15,4,4,4,12,39,4,4,4,4,16,4,4,4,12,4,3,4,3,14,4,4,3,3,14,56,95
Eswatini,2015,NF,7,5,0,0,0,0,0,0,0,1,1,0,0,0,0,1,0,3,1,2,6,0,1,1,2,2,1,1,1,5,1,1,1,1,4,17,18
Ethiopia,2015,NF,6,6,0,0,1,1,0,0,1,1,2,1,2,1,4,7,0,2,1,0,3,0,0,0,0,1,1,0,1,3,2,1,1,1,5,11,18
Fiji,2015,PF,3,4,3,3,3,9,3,2,3,3,11,3,2,1,6,26,2,3,3,3,11,2,1,1,4,2,2,3,2,9,3,3,2,2,10,34,60
Finland,2015,F,1,1,4,4,4,12,4,4,4,4,16,4,4,4,12,40,4,4,4,4,16,4,4,4,12,4,4,4,4,16,4,4,4,4,16,60,100
France,2015,F,1,1,4,4,4,12,4,4,4,3,15,4,3,4,11,38,4,3,4,4,15,4,4,4,12,4,4,4,3,15,4,4,4,3,15,57,95
Gabon,2015,NF,6,5,0,1,1,2,1,1,1,1,4,1,1,1,3,9,1,3,3,3,10,1,1,2,4,1,2,2,1,6,2,1,1,1,5,25,34
Georgia,2015,PF,3,3,3,3,3,9,3,3,2,2,10,3,2,2,7,26,2,2,4,4,12,3,3,2,8,2,2,2,2,8,3,2,3,2,10,38,64
Germany,2015,F,1,1,4,4,4,12,4,4,4,3,15,4,4,4,12,39,4,3,4,4,15,4,4,4,12,4,4,4,3,15,4,4,4,3,15,57,96
Ghana,2015,F,1,2,4,4,4,12,4,4,4,3,15,4,3,3,10,37,3,3,4,4,14,4,4,3,11,3,3,3,3,12,3,3,2,2,10,47,84
Greece,2015,F,2,2,4,4,4,12,4,4,4,3,15,3,2,3,8,35,3,3,4,4,14,3,4,4,11,3,3,2,2,10,4,3,3,3,13,48,83
Grenada,2015,F,1,2,4,4,4,12,4,4,4,4,16,4,3,3,10,38,3,4,4,4,15,4,4,3,11,3,3,3,3,12,4,3,3,3,13,51,89
Guatemala,2015,PF,3,4,3,3,3,9,3,3,2,2,10,2,2,1,5,24,2,4,3,3,12,2,2,2,6,1,2,1,1,5,3,2,2,1,8,31,55
Guinea,2015,PF,5,5,3,1,2,6,2,2,2,2,8,1,1,1,3,17,1,3,2,3,9,1,3,2,6,1,1,1,1,4,1,2,1,1,5,24,41
Guinea-Bissau,2015,PF,5,5,3,3,2,8,3,2,1,2,8,1,0,0,1,17,1,3,3,3,10,1,2,2,5,1,0,0,2,3,2,1,1,1,5,23,40
Guyana,2015,F,2,3,4,4,3,11,4,4,3,2,13,3,1,2,6,30,3,4,4,4,15,3,4,3,10,2,2,1,2,7,3,2,2,2,9,41,71
Haiti,2015,PF,5,5,2,1,1,4,2,1,2,3,8,2,1,2,5,17,2,3,2,3,10,2,1,1,4,1,1,1,1,4,2,2,2,0,6,24,41
Honduras,2015,PF,4,4,2,3,2,7,3,3,1,2,9,1,2,1,4,20,1,4,2,3,10,2,2,2,6,1,1,1,2,5,2,2,2,2,8,29,49
Hungary,2015,F,2,2,3,3,3,9,4,4,4,3,15,3,3,2,8,32,3,4,3,4,14,4,3,4,11,2,3,3,3,11,4,4,3,3,14,50,82
Iceland,2015,F,1,1,4,4,4,12,4,4,4,4,16,4,4,3,11,39,4,4,4,4,16,4,4,4,12,4,4,4,4,16,4,4,4,4,16,60,99
India,2015,F,2,3,4,4,4,12,4,4,3,3,14,4,2,3,9,35,3,3,3,4,13,4,4,3,11,3,2,2,2,9,3,3,2,2,10,43,78
Indonesia,2015,PF,2,4,3,4,3,10,4,4,3,3,14,3,1,2,6,30,3,1,4,4,12,2,3,3,8,2,1,1,1,5,3,2,2,2,9,34,64
Iran,2015,NF,6,6,1,1,1,3,0,1,0,1,2,1,0,1,2,7,0,0,1,1,2,0,0,1,1,1,1,0,1,3,1,1,1,1,4,10,17
Iraq,2015,NF,6,6,2,3,3,8,2,2,0,1,5,1,0,0,1,11,1,1,1,2,5,1,2,1,4,0,0,0,0,0,1,1,1,1,4,13,24
Ireland,2015,F,1,1,4,4,4,12,4,4,4,4,16,4,3,4,11,39,4,4,4,4,16,4,4,4,12,4,4,4,3,15,4,4,3,4,15,58,97
Israel,2015,F,1,2,4,4,4,12,3,4,4,3,14,4,3,3,10,36,3,3,3,3,12,3,3,4,10,4,3,2,2,11,3,3,3,2,11,44,80
Italy,2015,F,1,1,4,4,4,12,4,4,3,3,14,4,3,3,10,36,3,4,4,4,15,4,4,4,12,3,3,3,3,12,4,3,4,3,14,53,89
Jamaica,2015,F,2,3,4,4,4,12,4,4,2,3,13,4,3,2,9,34,4,4,4,3,15,3,3,3,9,2,2,1,1,6,3,2,2,3,10,40,74
Japan,2015,F,1,1,4,4,4,12,4,4,4,3,15,4,4,4,12,39,3,4,4,4,15,4,4,3,11,4,4,4,3,15,4,4,3,3,14,55,94
Jordan,2015,NF,6,5,0,1,1,2,2,1,1,2,6,0,2,1,3,11,1,2,2,2,7,1,2,1,4,2,1,1,2,6,2,2,2,2,8,25,36
Kazakhstan,2015,NF,6,5,1,0,1,2,1,0,1,1,3,0,1,0,1,6,0,1,2,1,4,1,1,0,2,1,1,1,1,4,2,2,2,2,8,18,24
Kenya,2015,PF,4,4,2,3,2,7,3,3,2,2,10,2,1,2,5,22,2,2,4,3,11,3,1,2,6,2,1,1,1,5,2,1,2,2,7,29,51
Kiribati,2015,F,1,1,4,4,4,12,4,4,4,4,16,4,2,2,8,36,3,4,4,4,15,4,4,4,12,4,4,4,3,15,4,3,3,3,13,55,91
Kosovo,2015,PF,4,4,3,3,3,9,3,3,2,2,10,1,1,2,4,23,2,2,2,3,9,2,2,2,6,1,1,2,2,6,2,1,3,2,8,29,52
Kuwait,2015,PF,5,5,0,1,1,2,2,2,2,1,7,2,1,2,5,14,1,2,2,1,6,1,2,1,4,1,2,2,2,7,2,1,2,1,6,23,37
Kyrgyzstan,2015,PF,5,5,2,2,2,6,2,2,1,1,6,1,1,2,4,14,2,1,3,3,9,1,1,2,4,1,1,1,1,4,2,2,2,1,7,24,38
Laos,2015,NF,7,6,0,0,0,0,0,0,0,0,0,0,0,1,1,1,0,2,1,1,4,0,0,0,0,0,0,1,1,2,1,1,2,1,5,11,12
Latvia,2015,F,2,2,4,4,4,12,4,4,3,3,14,3,3,2,8,34,3,4,4,4,15,4,4,4,12,3,3,3,3,12,4,3,3,2,12,51,85
Lebanon,2015,PF,5,4,0,0,2,2,3,3,1,2,9,1,1,1,3,14,2,3,3,3,11,2,3,2,7,1,2,1,1,5,2,2,2,1,7,30,44
Lesotho,2015,F,2,3,3,4,3,10,4,3,2,3,12,3,2,3,8,30,2,4,4,4,14,2,3,2,7,3,3,3,2,11,3,2,2,2,9,41,71
Liberia,2015,PF,3,4,3,3,3,9,3,3,2,3,11,2,2,2,6,26,2,2,3,3,10,2,3,2,7,1,1,2,2,6,1,2,2,2,7,30,56
Libya,2015,NF,6,6,1,2,2,5,2,0,0,1,3,0,0,0,0,8,1,1,2,2,6,1,2,0,3,1,0,0,0,1,0,2,2,1,5,15,23
Liechtenstein,2015,F,1,1,4,4,4,12,4,4,4,3,15,4,4,4,12,39,4,4,4,4,16,4,4,4,12,4,4,4,3,15,4,4,4,4,16,59,98
Lithuania,2015,F,1,1,4,4,4,12,4,4,4,4,16,4,3,3,10,38,4,4,4,4,16,4,4,3,11,4,3,3,3,13,4,3,3,3,13,53,91
Luxembourg,2015,F,1,1,4,4,4,12,4,4,4,4,16,4,3,3,10,38,4,4,4,4,16,4,4,4,12,4,4,4,4,16,4,4,4,4,16,60,98
Madagascar,2015,PF,4,4,3,3,3,9,3,2,2,2,9,2,1,1,4,22,1,2,3,3,9,2,3,3,8,1,1,2,2,6,3,1,1,2,7,30,52
Malawi,2015,PF,3,4,3,3,2,8,3,3,3,3,12,3,2,2,7,27,2,3,3,3,11,2,2,3,7,3,2,2,2,9,2,2,1,2,7,34,61
Malaysia,2015,PF,4,4,2,2,2,6,2,2,2,1,7,2,2,2,6,19,2,1,2,2,7,2,2,2,6,1,2,1,1,5,3,3,2,1,9,27,46
Maldives,2015,PF,4,4,2,3,2,7,2,3,1,1,7,3,2,1,6,20,1,1,2,2,6,2,3,2,7,1,2,2,2,7,2,2,2,2,8,28,48
Mali,2015,PF,5,4,2,2,2,6,2,2,1,2,7,2,1,1,4,17,2,3,3,3,11,2,2,2,6,2,2,1,1,6,1,1,1,1,4,27,44
Malta,2015,F,1,1,4,4,4,12,4,4,4,4,16,4,3,4,11,39,4,4,4,4,16,4,4,4,12,4,4,4,3,15,4,4,3,4,15,58,97
Marshall Islands,2015,F,1,1,4,3,4,11,3,4,4,4,15,4,3,3,10,36,4,4,4,4,16,4,4,3,11,4,4,4,3,15,4,3,3,3,13,55,91
Mauritania,2015,NF,6,5,1,1,1,3,1,1,0,0,2,1,2,1,4,9,2,2,3,3,10,1,1,2,4,1,1,1,1,4,1,2,1,0,4,22,31
Mauritius,2015,F,1,2,4,4,4,12,4,4,4,3,15,4,3,4,11,38,3,4,4,4,15,4,4,4,12,3,4,3,3,13,4,3,3,2,12,52,90
Mexico,2015,PF,3,3,3,3,3,9,3,4,2,3,12,2,2,3,7,28,2,4,3,3,12,3,3,2,8,2,1,1,2,6,3,2,3,2,10,36,64
Micronesia,2015,F,1,1,4,4,4,12,4,4,4,3,15,4,3,3,10,37,4,4,4,4,16,4,4,3,11,4,4,4,3,15,4,4,3,3,14,56,93
Moldova,2015,PF,3,3,4,3,3,10,4,3,2,3,12,4,1,1,6,28,2,3,3,3,11,3,3,2,8,2,1,2,2,7,3,2,2,2,9,35,63
Monaco,2015,F,2,1,2,4,4,10,3,3,2,3,11,3,4,3,10,31,4,4,4,4,16,4,4,4,12,3,4,4,4,15,4,3,3,4,14,57,88
Mongolia,2015,F,1,2,4,4,3,11,4,4,4,4,16,4,2,3,9,36,3,4,4,4,15,4,4,3,11,3,3,3,3,12,4,3,3,2,12,50,86
Montenegro,2015,F,3,2,3,3,3,9,3,2,3,3,11,3,2,2,7,27,2,3,3,4,12,4,3,3,10,2,2,3,3,10,3,3,3,3,12,44,71
Morocco,2015,PF,5,4,1,2,2,5,2,2,1,2,7,1,1,1,3,15,1,2,2,3,8,2,2,2,6,1,2,2,1,6,2,2,2,1,7,27,42
Mozambique,2015,PF,4,3,2,2,2,6,2,2,3,3,10,3,2,2,7,23,3,4,2,3,12,2,3,2,7,2,2,1,2,7,3,2,2,2,9,35,58
Myanmar,2015,NF,6,6,0,2,1,3,2,2,1,1,6,2,0,1,3,9,1,1,1,3,6,1,2,1,4,0,1,0,0,1,2,1,1,1,5,16,25
Namibia,2015,F,2,2,4,3,3,10,3,2,3,3,11,3,3,3,9,30,3,4,4,3,14,4,4,4,12,3,3,3,2,11,3,2,2,2,9,46,76
Nauru,2015,F,1,2,4,4,4,12,4,4,4,4,16,3,3,3,9,37,2,4,4,4,14,4,4,3,11,3,3,3,3,12,4,4,3,3,14,51,88
Nepal,2015,PF,3,4,3,3,2,8,3,3,2,3,11,3,1,1,5,24,2,2,2,3,9,2,2,2,6,2,1,1,1,5,2,2,2,1,7,27,51
Netherlands,2015,F,1,1,4,4,4,12,4,4,4,4,16,4,4,4,12,40,4,4,4,4,16,4,4,4,12,4,4,4,3,15,4,4,4,4,16,59,99
New Zealand,2015,F,1,1,4,4,4,12,4,4,4,3,15,4,4,4,12,39,4,4,4,4,16,4,4,4,12,4,4,4,3,15,4,4,4,3,15,58,97
Nicaragua,2015,PF,4,3,2,2,2,6,2,1,1,3,7,2,2,2,6,19,2,4,3,3,12,2,2,2,6,1,2,2,2,7,3,3,2,2,10,35,54
Niger,2015,PF,3,4,3,3,3,9,3,3,2,2,10,3,2,2,7,26,2,3,3,3,11,3,2,3,8,1,2,1,1,5,2,2,1,1,6,30,56
Nigeria,2015,PF,4,5,2,2,2,6,3,2,2,2,9,2,1,1,4,18,2,1,3,3,9,2,2,3,7,2,1,0,1,4,1,2,1,1,5,25,43
North Korea,2015,NF,7,7,0,0,0,0,0,0,0,0,0,0,0,0,0,0,0,0,0,0,0,0,0,0,0,0,0,0,0,0,0,1,1,1,3,3,3
North Macedonia,2015,PF,4,3,2,2,3,7,3,2,2,3,10,2,2,2,6,23,2,3,3,3,11,3,3,2,8,2,2,2,2,8,3,3,2,2,10,37,60
Norway,2015,F,1,1,4,4,4,12,4,4,4,4,16,4,4,4,12,40,4,4,4,4,16,4,4,4,12,4,4,4,4,16,4,4,4,4,16,60,100
Oman,2015,NF,6,5,0,1,1,2,0,0,1,1,2,0,2,0,2,9,1,2,1,1,5,0,1,2,3,0,1,2,1,4,1,2,1,1,5,17,26
Pakistan,2015,PF,4,5,3,2,2,7,3,3,1,1,8,1,1,3,5,20,1,1,1,2,5,3,2,2,7,2,1,0,1,4,2,2,1,1,6,22,42
Palau,2015,F,1,1,4,4,4,12,4,4,4,3,15,4,3,3,10,37,4,4,4,4,16,4,4,3,11,4,4,4,3,15,4,3,3,3,13,55,92
Panama,2015,F,2,2,4,4,4,12,4,4,4,3,15,4,2,2,8,35,3,4,4,4,15,4,4,3,11,2,2,3,2,9,4,3,3,2,12,47,82
Papua New Guinea,2015,PF,4,3,3,3,3,9,3,3,2,2,10,2,1,1,4,23,3,3,3,3,12,3,3,3,9,2,1,2,2,7,3,1,2,2,8,36,59
Paraguay,2015,PF,3,3,3,4,3,10,3,4,3,2,12,2,1,2,5,27,2,4,3,3,12,3,3,2,8,2,1,2,2,7,3,3,3,2,11,38,65
Peru,2015,F,2,3,3,4,3,10,4,4,3,2,13,3,2,2,7,30,3,4,4,4,15,3,3,2,8,2,2,2,2,8,3,3,2,2,10,41,71
Philippines,2015,PF,3,3,3,3,3,9,2,3,2,3,10,3,2,2,7,26,2,4,4,4,14,3,2,3,8,2,1,1,1,5,3,2,3,2,10,37,63
Poland,2015,F,1,1,4,4,4,12,4,4,4,4,16,4,3,3,10,38,4,4,4,4,16,4,4,4,12,3,3,4,3,13,4,4,3,3,14,55,93
Portugal,2015,F,1,1,4,4,4,12,4,4,4,4,16,4,3,4,11,39,4,4,4,4,16,4,4,4,12,4,4,3,4,15,4,4,4,3,15,58,97
Qatar,2015,NF,6,5,0,1,1,2,0,0,1,1,2,0,2,1,3,10,2,2,2,2,8,1,0,1,2,1,1,2,0,4,1,1,1,1,4,18,28
Romania,2015,F,2,2,4,4,3,11,4,4,3,3,14,4,3,2,9,34,3,3,4,4,14,4,4,3,11,3,3,3,3,12,4,2,3,3,12,49,83
Russia,2015,NF,6,6,0,1,0,1,1,0,1,1,3,1,1,1,3,7,0,1,1,2,4,1,1,2,4,1,1,0,0,2,1,1,2,2,6,16,23
Rwanda,2015,NF,6,6,0,1,1,2,0,0,1,1,2,1,2,2,5,9,0,3,1,0,4,0,1,1,2,0,2,0,1,3,2,2,2,1,7,16,25
Samoa,2015,F,2,2,3,3,3,9,3,4,3,3,13,4,3,3,10,32,3,3,4,4,14,4,3,3,10,3,3,4,3,13,3,3,3,3,12,49,81
San Marino,2015,F,1,1,4,4,4,12,4,4,4,4,16,4,4,4,12,40,4,4,4,4,16,4,4,4,12,4,4,4,4,16,4,4,4,4,16,60,100
Sao Tome and Principe,2015,F,2,2,4,4,3,11,4,4,3,3,14,4,2,3,9,34,3,4,4,4,15,4,3,3,10,3,3,3,3,12,3,3,2,2,10,47,81
Saudi Arabia,2015,NF,7,7,0,0,0,0,0,0,0,0,0,0,1,0,1,3,0,0,1,2,3,0,0,0,0,1,1,0,0,2,0,1,0,1,2,7,10
Senegal,2015,F,2,2,4,4,3,11,3,4,3,3,13,3,3,3,9,33,3,4,4,4,15,3,4,3,10,2,3,3,2,10,3,3,2,2,10,45,78
Serbia,2015,F,2,2,3,4,3,10,4,4,3,3,14,3,2,2,7,31,3,4,4,4,15,4,4,3,11,2,3,3,2,10,4,3,3,3,13,49,80
Seychelles,2015,PF,3,3,3,3,2,8,3,2,3,2,10,3,2,2,7,25,2,3,3,3,11,3,3,3,9,2,3,3,3,11,3,3,2,3,11,42,67
Sierra Leone,2015,PF,3,3,3,3,4,10,2,3,3,3,11,3,1,3,7,28,2,4,3,3,12,2,3,2,7,2,2,3,2,9,2,3,2,2,9,37,65
Singapore,2015,PF,4,4,1,2,1,4,2,2,2,2,8,2,3,2,7,19,1,3,2,3,9,2,1,1,4,1,2,2,2,7,3,3,3,3,12,32,51
Slovakia,2015,F,1,1,4,4,4,12,4,4,4,3,15,4,3,3,10,37,3,4,4,4,15,4,4,4,12,3,3,3,3,12,4,4,3,3,14,53,90
Slovenia,2015,F,1,1,4,4,4,12,4,4,4,3,15,4,3,4,11,38,3,3,4,4,14,4,4,4,12,3,4,4,3,14,4,3,3,3,13,53,91
Solomon Islands,2015,PF,3,3,3,3,3,9,3,3,2,2,10,2,2,2,6,25,3,4,4,3,14,3,3,3,9,2,2,2,2,8,3,3,3,3,12,43,68
Somalia,2015,NF,7,7,0,0,0,0,0,0,0,0,0,0,0,0,0,0,0,0,0,1,1,0,0,0,0,0,0,0,0,0,0,1,0,0,1,2,2
South Africa,2015,F,2,2,4,4,4,12,3,2,4,4,13,3,2,3,8,33,3,4,4,4,15,4,4,4,12,3,3,2,2,10,4,3,2,2,11,48,81
South Korea,2015,F,2,2,4,4,3,11,3,4,3,3,13,4,3,3,10,34,3,4,3,3,13,4,3,4,11,4,3,3,3,13,4,3,3,3,13,50,84
South Sudan,2015,NF,7,6,1,1,1,3,0,0,0,0,0,1,0,0,1,2,0,2,1,1,4,1,1,1,3,1,0,0,0,1,2,1,1,1,5,13,15
Spain,2015,F,1,1,4,4,4,12,4,4,4,4,16,4,3,4,11,39,3,4,4,4,15,4,4,4,12,4,4,4,3,15,4,4,4,3,15,57,96
Sri Lanka,2015,PF,5,5,2,2,2,6,2,2,2,1,7,2,1,1,4,16,1,1,2,2,6,2,1,3,6,1,2,1,1,5,2,2,2,2,8,25,41
St. Kitts and Nevis,2015,F,1,1,4,4,4,12,4,4,4,4,16,3,3,3,9,37,3,4,4,4,15,4,4,4,12,4,3,3,3,13,4,3,3,3,13,53,90
St. Lucia,2015,F,1,1,4,4,4,12,4,4,4,4,16,4,3,4,11,39,3,4,4,4,15,4,4,4,12,3,3,3,3,12,4,4,3,3,14,53,92
St. Vincent and the Grenadines,2015,F,1,1,4,4,3,11,4,4,4,4,16,4,3,2,9,36,3,4,4,4,15,4,4,4,12,3,3,4,3,13,4,4,3,3,14,54,90
Sudan,2015,NF,7,7,1,1,0,2,1,0,1,1,3,1,0,0,1,2,0,0,1,1,2,0,1,0,1,0,0,0,0,0,0,1,0,0,1,4,6
Suriname,2015,F,2,2,4,4,4,12,4,4,3,2,13,4,2,2,8,33,3,4,4,4,15,4,4,3,11,2,1,3,2,8,3,2,3,2,10,44,77
Sweden,2015,F,1,1,4,4,4,12,4,4,4,4,16,4,4,4,12,40,4,3,4,4,15,4,4,4,12,4,4,4,4,16,4,4,4,4,16,59,99
Switzerland,2015,F,1,1,4,4,4,12,4,4,4,3,15,4,4,4,12,39,4,3,4,4,15,4,4,4,12,4,4,4,3,15,4,4,4,3,15,57,96
Syria,2015,NF,7,7,0,0,0,0,0,0,0,0,0,0,0,0,0,-3,0,1,0,1,2,0,0,0,0,0,0,0,0,0,0,0,0,0,0,2,-1
Taiwan,2015,F,1,2,4,4,4,12,4,4,3,4,15,4,3,3,10,37,3,4,3,4,14,3,4,3,10,4,3,4,3,14,4,3,3,3,13,51,88
Tajikistan,2015,NF,6,6,0,1,1,2,1,0,1,1,3,1,0,1,2,7,1,1,1,2,5,1,1,1,3,1,1,0,1,3,1,1,1,1,4,15,22
Tanzania,2015,PF,3,3,3,3,3,9,3,3,3,3,12,3,2,2,7,28,2,3,3,2,10,2,3,2,7,2,3,2,2,9,3,2,2,2,9,35,63
Thailand,2015,NF,6,5,0,0,1,1,1,1,1,1,4,0,2,1,3,8,1,3,1,1,6,1,1,2,4,1,1,1,2,5,3,2,3,2,10,25,33
The Gambia,2015,NF,6,6,0,1,1,2,1,1,1,2,5,0,0,0,0,7,0,2,1,0,3,0,1,2,3,0,0,0,1,1,2,2,1,1,6,13,20
Timor-Leste,2015,PF,3,3,4,4,3,11,3,3,3,3,12,2,2,2,6,29,2,3,4,3,12,3,3,2,8,1,1,3,2,7,3,2,2,2,9,36,65
Togo,2015,PF,4,4,1,2,2,5,2,2,2,2,8,2,1,2,5,18,2,3,2,2,9,1,2,3,6,2,2,2,1,7,2,2,1,2,7,29,47
Tonga,2015,F,2,2,4,4,3,11,4,4,3,3,14,3,1,2,6,31,3,4,3,3,13,3,3,2,8,3,3,3,2,11,4,3,3,2,12,44,75
Trinidad and Tobago,2015,F,2,2,4,4,3,11,3,4,3,3,13,4,2,3,9,33,4,3,4,4,15,4,4,3,11,3,2,2,2,9,4,3,3,3,13,48,81
Tunisia,2015,F,1,3,4,4,4,12,4,4,4,4,16,3,2,3,8,36,3,3,3,4,13,4,3,3,10,2,2,3,2,9,3,2,4,2,11,43,79
Turkey,2015,PF,3,4,3,4,3,10,2,3,3,2,10,3,1,2,6,26,1,2,2,3,8,1,2,2,5,1,1,3,2,7,3,2,2,2,9,29,55
Turkmenistan,2015,NF,7,7,0,0,0,0,1,0,0,0,1,0,0,0,0,1,0,1,0,1,2,0,0,0,0,0,0,0,0,0,1,1,1,0,3,5,6
Tuvalu,2015,F,1,1,4,4,4,12,4,4,4,3,15,4,3,3,10,37,4,4,4,4,16,4,4,4,12,4,4,4,3,15,4,4,3,3,14,57,94
Uganda,2015,NF,6,5,1,1,1,3,1,1,1,2,5,1,1,1,3,11,1,3,3,2,9,1,1,2,4,2,1,1,1,5,2,2,1,2,7,25,36
Ukraine,2015,PF,3,3,4,3,2,9,3,3,1,3,10,3,1,2,6,25,2,3,3,3,11,3,3,3,9,1,2,1,2,6,4,2,3,2,11,37,62
United Arab Emirates,2015,NF,6,6,0,1,0,1,0,0,1,1,2,0,2,0,2,8,1,1,1,1,4,1,0,1,2,0,1,1,1,3,1,1,1,1,4,13,21
United Kingdom,2015,F,1,1,4,4,4,12,4,4,4,4,16,4,4,4,12,40,3,4,4,4,15,4,4,4,12,4,4,4,3,15,4,4,4,3,15,57,97
United States,2015,F,1,1,4,4,3,11,4,4,4,4,16,3,4,3,10,37,4,4,4,3,15,4,4,3,11,4,4,3,3,14,4,4,4,3,15,55,92
Uruguay,2015,F,1,1,4,4,4,12,4,4,4,4,16,4,4,4,12,40,4,4,4,4,16,4,4,4,12,4,3,4,4,15,4,4,4,3,15,58,98
Uzbekistan,2015,NF,7,7,0,0,0,0,0,0,0,0,0,0,0,0,0,0,0,1,0,0,1,0,0,0,0,0,0,0,0,0,1,1,1,0,3,4,4
Vanuatu,2015,F,2,2,3,3,3,9,4,4,4,3,15,4,2,2,8,32,3,4,4,4,15,4,4,3,11,2,2,3,3,10,4,3,2,2,11,47,79
Venezuela,2015,PF,5,5,2,2,1,5,1,1,1,3,6,1,0,1,2,13,1,3,2,2,8,1,1,1,3,1,0,1,1,3,2,1,3,2,8,22,35
Vietnam,2015,NF,7,5,0,0,0,0,0,0,0,1,1,0,1,1,2,3,1,1,1,1,4,1,0,0,1,1,1,1,1,4,2,1,3,2,8,17,20
Yemen,2015,NF,6,6,1,0,2,3,2,1,0,1,4,0,1,1,2,9,1,2,2,1,6,1,1,1,3,1,0,0,1,2,2,1,1,1,5,16,25
Zambia,2015,PF,3,4,3,2,3,8,3,3,3,3,12,2,2,2,6,26,2,3,3,3,11,2,2,3,7,2,2,2,2,8,3,2,1,2,8,34,60
Zimbabwe,2015,NF,5,6,1,1,1,3,2,2,1,1,6,1,1,1,3,12,1,2,1,2,6,1,1,1,3,1,0,0,1,2,2,1,1,1,5,16,28
Afghanistan,2014,NF,6,6,1,1,1,3,2,1,1,2,6,1,1,0,2,11,2,1,1,2,6,2,1,1,4,1,0,0,1,2,0,1,1,1,3,15,26
Albania,2014,PF,3,3,3,3,2,8,3,4,3,3,13,3,1,2,6,27,2,4,3,4,13,4,3,2,9,2,2,2,3,9,3,2,2,2,9,40,67
Algeria,2014,NF,6,5,1,2,1,4,1,1,1,1,4,1,1,1,3,11,1,1,2,2,6,1,2,2,5,1,1,1,2,5,2,2,2,1,7,23,34
Andorra,2014,F,1,1,4,4,4,12,4,4,3,4,15,4,4,4,12,39,4,4,4,4,16,4,4,3,11,4,4,4,3,15,4,3,4,4,15,57,96
Angola,2014,NF,6,5,0,2,2,4,2,1,1,2,6,1,0,0,1,11,1,2,2,2,7,1,2,1,4,1,1,1,1,4,1,1,1,0,3,18,29
Antigua and Barbuda,2014,F,2,2,4,4,3,11,3,4,3,3,13,3,2,2,7,31,2,4,4,4,14,3,3,3,9,3,3,4,3,13,4,3,3,3,13,49,80
Argentina,2014,F,2,2,4,4,3,11,4,3,4,3,14,3,1,2,6,31,2,4,4,4,14,4,4,3,11,2,3,3,3,11,3,3,4,3,13,49,80
Armenia,2014,PF,5,4,1,2,2,5,2,1,1,2,6,1,1,1,3,14,1,2,2,3,8,2,2,2,6,1,1,2,2,6,3,2,2,2,9,29,43
Australia,2014,F,1,1,4,4,4,12,4,4,4,3,15,4,4,4,12,39,4,4,4,4,16,4,4,4,12,4,4,4,3,15,4,4,4,3,15,58,97
Austria,2014,F,1,1,4,4,4,12,4,4,4,3,15,4,3,4,11,38,4,4,4,4,16,4,4,4,12,4,4,4,3,15,4,4,4,3,15,58,96
Azerbaijan,2014,NF,6,6,0,0,1,1,1,0,1,1,3,1,1,0,2,6,0,1,1,2,4,0,1,1,2,1,1,1,1,4,2,1,2,1,6,16,22
Bahamas,2014,F,1,1,4,4,4,12,4,4,4,4,16,4,3,3,10,38,4,4,4,4,16,4,4,4,12,4,4,4,3,15,4,4,4,3,15,58,96
Bahrain,2014,NF,6,6,0,2,1,3,1,1,0,0,2,1,2,0,3,6,0,1,0,1,2,0,0,1,1,0,1,0,0,1,1,2,2,1,6,10,16
Bangladesh,2014,PF,3,4,3,3,3,9,3,2,2,3,10,2,1,2,5,24,2,2,2,2,8,2,2,2,6,2,1,2,1,6,3,2,2,2,9,29,53
Barbados,2014,F,1,1,4,4,4,12,4,4,4,4,16,4,4,4,12,40,4,4,4,4,16,4,4,4,12,4,4,4,4,16,4,4,3,4,15,59,99
Belarus,2014,NF,7,6,0,0,0,0,1,0,1,1,3,0,1,0,1,4,1,1,0,1,3,0,1,0,1,0,1,0,0,1,1,1,2,1,5,10,14
Belgium,2014,F,1,1,4,4,4,12,4,4,4,4,16,4,4,4,12,40,4,3,4,4,15,4,4,4,12,4,4,4,3,15,4,4,4,3,15,57,97
Belize,2014,F,1,2,4,4,4,12,4,4,4,2,14,4,2,4,10,36,3,4,4,4,15,3,4,4,11,3,3,3,3,12,4,3,3,3,13,51,87
Benin,2014,F,2,2,3,3,2,8,4,4,4,4,16,3,2,3,8,32,3,4,4,4,15,3,4,4,11,3,3,3,3,12,3,3,2,2,10,48,80
Bhutan,2014,PF,3,4,3,4,3,10,3,4,2,1,10,3,3,3,9,28,2,2,2,3,9,2,1,1,4,3,1,1,1,6,2,2,2,2,8,27,55
Bolivia,2014,PF,3,3,4,4,3,11,3,2,3,3,11,3,2,2,7,29,2,4,4,4,14,3,3,3,9,1,1,2,2,6,3,2,2,2,9,38,67
Bosnia and Herzegovina,2014,PF,3,3,3,3,2,8,3,3,2,2,10,2,2,2,6,24,2,3,2,3,10,3,2,2,7,3,2,3,2,10,3,2,3,2,10,37,61
Botswana,2014,F,3,2,3,4,3,10,3,2,3,2,10,3,3,2,8,28,3,4,3,3,13,4,4,2,10,3,3,3,3,12,3,3,2,3,11,46,74
Brazil,2014,F,2,2,4,3,4,11,4,4,3,3,14,3,2,3,8,33,3,4,4,4,15,3,4,3,10,3,2,2,3,10,4,3,3,3,13,48,81
Brunei,2014,NF,6,5,0,0,0,0,1,0,1,1,3,0,2,1,3,7,1,1,2,2,6,1,1,1,3,1,2,2,1,6,2,2,2,2,8,23,30
Bulgaria,2014,F,2,2,4,3,3,10,4,4,3,3,14,4,2,1,7,31,3,3,4,4,14,4,4,3,11,3,2,3,3,11,4,2,3,2,11,47,78
Burkina Faso,2014,PF,5,3,1,2,2,5,2,1,2,3,8,1,1,2,4,17,2,4,3,4,13,2,3,3,8,1,2,2,2,7,3,2,1,2,8,36,53
Burundi,2014,PF,5,5,1,1,2,4,1,1,1,3,6,1,0,1,2,12,1,3,2,2,8,1,2,1,4,1,1,1,1,4,2,2,1,1,6,22,34
Cabo Verde,2014,F,1,1,4,4,4,12,4,4,4,3,15,4,3,3,10,37,3,4,4,4,15,4,4,3,11,4,3,4,3,14,4,3,3,3,13,53,90
Cambodia,2014,NF,6,5,1,1,1,3,1,1,1,1,4,1,1,1,3,10,1,3,2,3,9,1,1,1,3,0,0,1,1,2,2,1,2,1,6,20,30
Cameroon,2014,NF,6,6,1,1,1,3,1,0,1,1,3,1,1,0,2,8,1,2,2,2,7,1,1,1,3,0,1,1,0,2,1,1,1,1,4,16,24
Canada,2014,F,1,1,4,4,4,12,4,4,4,4,16,4,3,4,11,39,4,4,4,4,16,4,4,4,12,4,4,4,3,15,4,4,4,4,16,59,98
Central African Republic,2014,NF,7,7,0,0,0,0,1,0,0,0,1,0,0,0,0,0,1,0,2,1,4,0,0,1,1,0,0,0,0,0,0,0,1,0,1,6,6
Chad,2014,NF,7,6,1,1,1,3,1,0,0,0,1,1,0,0,1,5,1,1,3,2,7,1,1,2,4,0,1,1,0,2,1,1,0,1,3,16,21
Chile,2014,F,1,1,4,4,4,12,4,4,4,3,15,4,4,4,12,39,4,4,4,4,16,3,4,4,11,4,4,3,3,14,4,4,4,3,15,56,95
China,2014,NF,7,6,0,0,0,0,0,0,0,1,1,0,1,1,2,2,1,0,1,2,4,1,1,1,3,1,1,0,0,2,1,1,2,2,6,15,17
Colombia,2014,PF,3,4,4,3,3,10,3,3,2,3,11,3,2,2,7,28,2,4,3,3,12,2,2,1,5,3,1,1,2,7,3,2,3,2,10,34,62
Comoros,2014,PF,3,4,3,3,3,9,3,3,3,2,11,3,1,1,5,25,2,2,3,3,10,2,2,2,6,2,2,2,2,8,2,2,1,1,6,30,55
Congo (Brazzaville),2014,NF,6,5,0,1,0,1,1,0,1,1,3,1,1,1,3,7,1,3,2,2,8,1,2,3,6,0,1,1,0,2,2,2,2,1,7,23,30
Congo (Kinshasa),2014,NF,6,6,1,1,1,3,1,1,1,1,4,1,0,1,2,9,1,3,1,2,7,1,1,1,3,0,0,0,0,0,1,0,0,0,1,11,20
Costa Rica,2014,F,1,1,4,4,4,12,4,4,4,3,15,4,3,3,10,37,4,4,4,4,16,4,4,3,11,4,3,3,3,13,4,3,3,3,13,53,90
Cote d'Ivoire,2014,PF,5,4,2,2,2,6,2,2,1,2,7,2,1,1,4,17,2,2,3,3,10,2,3,2,7,1,1,1,2,5,2,2,1,1,6,28,45
Croatia,2014,F,1,2,4,4,4,12,4,4,4,3,15,4,2,3,9,36,3,3,4,4,14,4,4,4,12,3,3,3,2,11,4,3,3,3,13,50,86
Cuba,2014,NF,7,6,0,0,0,0,0,0,0,0,0,0,1,0,1,1,0,2,0,1,3,0,0,0,0,0,1,0,1,2,1,1,3,1,6,11,12
Cyprus,2014,F,1,1,4,4,3,11,4,4,4,4,16,3,3,4,10,37,4,4,3,4,15,3,4,4,11,4,4,4,3,15,3,4,4,3,14,55,92
Czech Republic,2014,F,1,1,4,4,4,12,4,4,4,3,15,3,3,4,10,37,4,4,4,4,16,4,4,4,12,3,4,4,3,14,4,4,4,3,15,57,94
Denmark,2014,F,1,1,4,4,4,12,4,4,4,4,16,4,4,4,12,40,4,4,4,4,16,4,4,4,12,4,4,4,3,15,4,4,3,4,15,58,98
Djibouti,2014,NF,6,5,1,1,1,3,1,0,1,1,3,1,1,1,3,9,1,2,2,2,7,0,1,2,3,0,2,1,1,4,2,2,1,1,6,20,29
Dominica,2014,F,1,1,4,4,4,12,4,4,4,4,16,4,3,3,10,38,3,4,4,4,15,4,4,4,12,4,4,4,3,15,4,4,3,4,15,57,95
Dominican Republic,2014,F,2,3,4,3,3,10,4,3,3,1,11,4,2,3,9,30,3,4,4,4,15,3,4,3,10,3,2,2,1,8,3,3,2,2,10,43,73
Ecuador,2014,PF,3,3,3,3,1,7,3,2,3,3,11,3,1,2,6,24,1,4,4,4,13,2,2,3,7,1,1,2,2,6,3,2,3,2,10,36,60
Egypt,2014,NF,6,5,0,0,1,1,2,1,1,2,6,0,1,1,2,9,1,1,1,3,6,1,1,2,4,2,0,1,1,4,3,2,2,1,8,22,31
El Salvador,2014,F,2,3,4,4,4,12,4,4,3,3,14,3,3,3,9,35,3,4,4,4,15,3,3,2,8,3,2,2,2,9,4,2,2,2,10,42,77
Equatorial Guinea,2014,NF,7,7,0,0,0,0,1,0,0,0,1,0,0,0,0,1,0,2,1,1,4,0,0,0,0,0,0,0,0,0,1,1,1,0,3,7,8
Eritrea,2014,NF,7,7,0,0,0,0,0,0,0,0,0,0,1,0,1,1,0,0,0,0,0,0,0,0,0,0,0,0,0,0,0,0,2,0,2,2,3
Estonia,2014,F,1,1,4,4,4,12,4,4,4,3,15,4,4,4,12,39,4,4,4,4,16,4,4,4,12,4,3,4,3,14,4,4,3,3,14,56,95
Eswatini,2014,NF,7,5,0,0,0,0,0,0,0,1,1,0,0,0,0,1,1,3,2,2,8,0,1,1,2,2,1,1,1,5,1,1,1,1,4,19,20
Ethiopia,2014,NF,6,6,0,0,1,1,0,0,1,1,2,1,2,1,4,7,0,2,1,0,3,0,0,0,0,1,1,0,1,3,2,1,1,1,5,11,18
Fiji,2014,PF,6,4,0,0,0,0,1,1,1,2,5,0,2,0,2,7,2,3,3,3,11,1,1,1,3,2,1,1,2,6,3,3,2,2,10,30,37
Finland,2014,F,1,1,4,4,4,12,4,4,4,4,16,4,4,4,12,40,4,4,4,4,16,4,4,4,12,4,4,4,4,16,4,4,4,4,16,60,100
France,2014,F,1,1,4,4,4,12,4,4,4,3,15,4,3,4,11,38,4,3,4,4,15,4,4,4,12,4,4,4,3,15,4,4,4,3,15,57,95
Gabon,2014,NF,6,5,0,1,1,2,1,1,1,1,4,1,1,1,3,9,1,3,3,3,10,1,1,2,4,1,2,2,1,6,2,1,1,1,5,25,34
Georgia,2014,PF,3,3,3,3,2,8,3,3,2,2,10,3,2,2,7,25,2,2,4,4,12,3,3,2,8,2,2,2,2,8,3,2,3,2,10,38,63
Germany,2014,F,1,1,4,4,4,12,4,4,4,3,15,4,4,4,12,39,4,3,4,4,15,4,4,4,12,4,4,4,3,15,4,4,4,3,15,57,96
Ghana,2014,F,1,2,4,4,4,12,4,4,4,3,15,4,3,3,10,37,3,3,4,4,14,4,4,3,11,3,3,3,3,12,3,3,2,2,10,47,84
Greece,2014,F,2,2,4,4,4,12,4,4,4,3,15,3,2,3,8,35,3,3,4,4,14,3,4,4,11,3,3,2,2,10,4,3,3,3,13,48,83
Grenada,2014,F,1,2,4,4,4,12,4,4,4,4,16,4,3,3,10,38,3,4,4,4,15,4,4,3,11,3,3,3,3,12,4,3,3,3,13,51,89
Guatemala,2014,PF,3,4,3,3,3,9,3,3,2,2,10,2,2,1,5,24,2,4,3,3,12,2,2,2,6,2,2,1,1,6,3,2,2,1,8,32,56
Guinea,2014,PF,5,5,3,1,2,6,2,2,2,2,8,1,1,1,3,17,1,3,2,3,9,1,3,2,6,1,1,1,1,4,1,2,1,1,5,24,41
Guinea-Bissau,2014,NF,6,5,0,1,2,3,2,1,0,2,5,1,0,0,1,9,1,3,3,3,10,1,2,2,5,1,0,0,2,3,2,1,1,1,5,23,32
Guyana,2014,F,2,3,4,4,3,11,4,4,3,2,13,4,1,2,7,31,3,4,4,4,15,3,4,3,10,2,2,1,2,7,3,2,2,2,9,41,72
Haiti,2014,PF,4,5,2,1,1,4,3,1,2,3,9,2,1,2,5,18,2,3,2,3,10,2,1,2,5,1,1,1,1,4,2,2,2,0,6,25,43
Honduras,2014,PF,4,4,2,3,2,7,3,3,1,2,9,1,2,1,4,20,1,4,3,3,11,2,2,2,6,1,1,1,2,5,3,2,2,2,9,31,51
Hungary,2014,F,1,2,4,4,4,12,4,4,4,3,15,4,3,2,9,36,3,4,4,4,15,4,4,4,12,2,3,3,3,11,4,4,3,3,14,52,88
Iceland,2014,F,1,1,4,4,4,12,4,4,4,4,16,4,4,4,12,40,4,4,4,4,16,4,4,4,12,4,4,4,4,16,4,4,4,4,16,60,100
India,2014,F,2,3,4,4,3,11,4,4,3,3,14,4,2,3,9,34,3,3,3,4,13,4,4,3,11,3,2,2,2,9,3,3,2,2,10,43,77
Indonesia,2014,PF,2,4,4,4,3,11,4,4,3,2,13,3,1,2,6,30,3,1,4,4,12,2,3,3,8,2,1,1,1,5,3,2,2,2,9,34,64
Iran,2014,NF,6,6,1,1,1,3,0,1,0,1,2,1,0,1,2,7,0,0,1,1,2,0,0,1,1,1,1,0,1,3,1,1,1,1,4,10,17
Iraq,2014,NF,5,6,2,2,3,7,2,2,0,1,5,1,0,0,1,12,1,1,1,2,5,1,2,1,4,0,0,0,0,0,1,1,1,1,4,13,25
Ireland,2014,F,1,1,4,4,4,12,4,4,4,4,16,4,3,4,11,39,4,4,4,4,16,4,4,4,12,4,4,4,3,15,4,4,3,4,15,58,97
Israel,2014,F,1,2,4,4,4,12,3,4,4,3,14,4,3,3,10,36,2,3,3,4,12,4,3,4,11,4,3,2,2,11,3,3,3,2,11,45,81
Italy,2014,F,1,1,4,4,4,12,4,4,3,4,15,4,3,3,10,37,3,4,4,4,15,4,4,4,12,3,3,3,3,12,4,3,4,3,14,53,90
Jamaica,2014,F,2,3,4,4,4,12,4,4,2,3,13,4,3,2,9,34,4,4,4,3,15,3,3,3,9,2,2,1,1,6,3,2,2,3,10,40,74
Japan,2014,F,1,1,4,4,4,12,4,4,4,3,15,4,3,3,10,37,3,4,3,4,14,4,4,3,11,4,4,4,3,15,4,3,3,3,13,53,90
Jordan,2014,NF,6,5,0,1,1,2,2,1,1,2,6,0,2,1,3,11,1,2,2,2,7,1,1,1,3,2,1,1,2,6,2,2,2,2,8,24,35
Kazakhstan,2014,NF,6,5,1,0,1,2,1,0,1,1,3,0,1,0,1,6,0,1,2,1,4,1,1,1,3,1,1,1,1,4,2,2,2,2,8,19,25
Kenya,2014,PF,4,4,2,3,2,7,3,3,2,2,10,2,1,2,5,22,2,2,4,3,11,3,2,2,7,2,1,1,2,6,2,1,2,2,7,31,53
Kiribati,2014,F,1,1,4,4,4,12,4,4,4,4,16,4,2,2,8,36,3,4,4,4,15,4,4,4,12,4,4,4,3,15,4,3,3,3,13,55,91
Kosovo,2014,PF,5,4,2,2,2,6,3,2,2,2,9,1,1,1,3,17,2,2,2,2,8,2,2,2,6,1,1,1,2,5,2,1,2,2,7,26,43
Kuwait,2014,PF,5,5,0,1,1,2,2,2,3,2,9,2,1,2,5,16,1,2,2,1,6,1,2,1,4,1,2,2,2,7,2,1,2,1,6,23,39
Kyrgyzstan,2014,PF,5,5,2,2,2,6,2,2,1,1,6,1,1,2,4,14,2,1,3,3,9,2,1,2,5,1,1,1,1,4,2,2,2,1,7,25,39
Laos,2014,NF,7,6,0,0,0,0,0,0,0,0,0,0,0,1,1,1,0,2,1,1,4,0,0,0,0,0,0,1,1,2,1,1,2,1,5,11,12
Latvia,2014,F,2,2,4,4,4,12,4,4,3,3,14,3,2,2,7,33,3,4,4,4,15,4,4,4,12,3,3,3,3,12,4,3,3,2,12,51,84
Lebanon,2014,PF,5,4,1,1,2,4,3,3,1,2,9,1,1,1,3,16,2,3,3,3,11,2,3,2,7,1,2,1,1,5,3,2,2,2,9,32,48
Lesotho,2014,F,2,3,3,4,3,10,4,3,3,3,13,3,2,3,8,31,2,4,4,4,14,2,3,2,7,3,3,3,2,11,3,2,2,2,9,41,72
Liberia,2014,PF,3,4,3,3,3,9,3,3,2,3,11,2,2,2,6,26,2,2,3,3,10,3,3,2,8,2,1,2,2,7,2,2,2,2,8,33,59
Libya,2014,PF,4,5,3,3,3,9,3,3,1,2,9,1,0,2,3,21,2,1,2,3,8,2,3,0,5,1,0,0,0,1,1,2,2,1,6,20,41
Liechtenstein,2014,F,1,1,4,4,4,12,4,4,4,3,15,4,4,4,12,39,4,4,4,4,16,4,4,4,12,4,4,4,3,15,4,4,4,4,16,59,98
Lithuania,2014,F,1,1,4,4,4,12,4,4,4,4,16,4,2,3,9,37,4,4,4,4,16,4,4,3,11,4,3,3,3,13,4,3,3,3,13,53,90
Luxembourg,2014,F,1,1,4,4,4,12,4,4,4,4,16,4,3,4,11,39,4,4,4,4,16,4,4,4,12,4,4,4,4,16,4,4,4,4,16,60,99
Madagascar,2014,PF,5,4,2,2,2,6,2,2,2,2,8,0,1,0,1,15,1,2,3,3,9,1,3,3,7,1,1,1,2,5,3,1,1,2,7,28,43
Malawi,2014,PF,3,4,3,3,2,8,3,2,3,3,11,3,2,2,7,26,2,3,3,3,11,2,2,3,7,3,2,2,2,9,2,2,1,2,7,34,60
Malaysia,2014,PF,4,4,2,2,2,6,2,2,2,1,7,2,2,2,6,19,2,1,2,3,8,2,2,2,6,1,2,1,1,5,3,3,2,1,9,28,47
Maldives,2014,PF,4,4,2,3,2,7,2,3,1,1,7,2,2,1,5,19,2,1,2,2,7,2,3,2,7,1,2,2,2,7,2,2,2,2,8,29,48
Mali,2014,PF,5,4,2,2,2,6,2,2,1,2,7,1,2,1,4,17,2,3,3,3,11,2,2,2,6,2,2,1,1,6,1,1,1,1,4,27,44
Malta,2014,F,1,1,4,4,4,12,4,4,4,4,16,4,3,4,11,39,4,4,4,4,16,4,4,4,12,4,4,4,3,15,4,4,3,4,15,58,97
Marshall Islands,2014,F,1,1,4,3,4,11,3,4,4,4,15,4,3,3,10,36,4,4,4,4,16,4,4,3,11,4,4,4,3,15,4,3,3,3,13,55,91
Mauritania,2014,NF,6,5,1,1,1,3,1,1,0,1,3,1,2,2,5,11,2,2,3,3,10,1,1,2,4,1,1,1,1,4,2,2,1,0,5,23,34
Mauritius,2014,F,1,2,4,4,4,12,4,4,4,3,15,4,3,4,11,38,3,4,4,4,15,4,4,4,12,3,4,3,3,13,4,3,3,2,12,52,90
Mexico,2014,PF,3,3,3,3,3,9,3,4,2,3,12,2,2,3,7,28,2,4,4,3,13,3,3,2,8,2,1,1,2,6,3,2,3,2,10,37,65
Micronesia,2014,F,1,1,4,4,4,12,4,4,4,3,15,4,3,3,10,37,4,4,4,4,16,4,4,3,11,4,4,4,3,15,4,4,3,3,14,56,93
Moldova,2014,PF,3,3,4,4,3,11,4,3,2,3,12,4,1,1,6,29,2,3,3,3,11,3,3,2,8,2,1,2,2,7,3,2,2,2,9,35,64
Monaco,2014,F,2,1,2,4,4,10,3,3,2,3,11,3,4,3,10,31,4,4,4,4,16,4,4,4,12,3,4,4,4,15,4,3,3,4,14,57,88
Mongolia,2014,F,1,2,4,4,3,11,4,4,4,4,16,4,2,3,9,36,3,4,4,4,15,4,4,3,11,3,3,3,3,12,4,3,3,2,12,50,86
Montenegro,2014,F,3,2,3,3,3,9,3,2,3,3,11,3,2,2,7,27,3,3,3,4,13,4,3,3,10,2,2,3,3,10,3,3,3,3,12,45,72
Morocco,2014,PF,5,4,1,2,2,5,2,2,1,2,7,1,1,1,3,15,1,2,2,3,8,2,2,2,6,1,2,2,1,6,2,2,2,1,7,27,42
Mozambique,2014,PF,4,3,2,2,2,6,2,2,3,3,10,3,2,2,7,23,3,4,2,3,12,2,3,2,7,2,2,1,2,7,3,2,2,2,9,35,58
Myanmar,2014,NF,6,5,0,2,1,3,2,2,1,1,6,2,0,1,3,9,2,1,1,3,7,1,2,1,4,0,1,0,0,1,2,1,1,1,5,17,26
Namibia,2014,F,2,2,4,3,3,10,3,2,3,3,11,3,3,3,9,30,3,4,4,3,14,4,4,4,12,3,3,3,2,11,3,2,2,2,9,46,76
Nauru,2014,F,1,1,4,4,4,12,4,4,4,4,16,4,3,3,10,38,3,4,4,4,15,4,4,3,11,4,4,3,3,14,4,4,3,3,14,54,92
Nepal,2014,PF,4,4,3,3,2,8,3,3,2,3,11,2,1,1,4,23,2,2,2,3,9,2,2,2,6,2,1,1,1,5,2,2,2,1,7,27,50
Netherlands,2014,F,1,1,4,4,4,12,4,4,4,4,16,4,4,4,12,40,4,4,4,4,16,4,4,4,12,4,4,4,3,15,4,4,4,4,16,59,99
New Zealand,2014,F,1,1,4,4,4,12,4,4,4,3,15,4,4,4,12,39,4,4,4,4,16,4,4,4,12,4,4,4,3,15,4,4,4,3,15,58,97
Nicaragua,2014,PF,4,3,2,2,2,6,2,1,1,3,7,2,2,2,6,19,2,4,3,3,12,2,2,2,6,1,2,2,2,7,3,3,2,2,10,35,54
Niger,2014,PF,3,4,3,3,3,9,3,3,2,2,10,3,2,2,7,26,2,3,3,3,11,3,2,3,8,1,2,1,1,5,2,2,1,1,6,30,56
Nigeria,2014,PF,4,4,2,2,2,6,3,2,2,2,9,2,1,2,5,20,2,1,3,3,9,2,2,3,7,2,1,0,1,4,1,2,2,1,6,26,46
North Korea,2014,NF,7,7,0,0,0,0,0,0,0,0,0,0,0,0,0,0,0,0,0,0,0,0,0,0,0,0,0,0,0,0,0,1,1,1,3,3,3
North Macedonia,2014,PF,3,3,3,2,3,8,3,3,2,3,11,3,2,2,7,26,2,3,3,3,11,3,3,2,8,2,2,2,2,8,3,3,3,2,11,38,64
Norway,2014,F,1,1,4,4,4,12,4,4,4,4,16,4,4,4,12,40,4,4,4,4,16,4,4,4,12,4,4,4,4,16,4,4,4,4,16,60,100
Oman,2014,NF,6,5,0,1,1,2,0,0,1,1,2,0,2,0,2,9,1,2,1,1,5,0,1,2,3,0,1,2,1,4,1,2,1,1,5,17,26
Pakistan,2014,PF,4,5,3,2,2,7,3,3,1,2,9,2,1,2,5,21,1,1,1,2,5,2,2,2,6,2,1,0,1,4,2,2,1,1,6,21,42
Palau,2014,F,1,1,4,4,4,12,4,4,4,3,15,4,3,3,10,37,4,4,4,4,16,4,4,3,11,4,4,4,3,15,4,3,3,3,13,55,92
Panama,2014,F,2,2,4,4,4,12,4,4,4,3,15,4,2,2,8,35,3,4,4,4,15,4,4,3,11,2,2,3,2,9,4,3,3,2,12,47,82
Papua New Guinea,2014,PF,3,3,3,3,3,9,3,3,2,2,10,2,2,1,5,24,3,3,3,3,12,3,3,3,9,2,1,2,2,7,3,1,2,2,8,36,60
Paraguay,2014,PF,3,3,3,4,3,10,3,4,3,2,12,1,1,2,4,26,2,4,3,3,12,3,3,2,8,1,1,1,2,5,3,2,3,2,10,35,61
Peru,2014,F,2,3,3,4,3,10,4,4,3,2,13,3,2,2,7,30,3,4,4,4,15,3,3,2,8,2,2,2,2,8,3,3,2,2,10,41,71
Philippines,2014,PF,3,3,3,3,3,9,2,3,2,3,10,3,2,2,7,26,2,4,4,4,14,3,2,3,8,2,1,1,1,5,3,2,3,2,10,37,63
Poland,2014,F,1,1,4,4,4,12,4,4,4,4,16,4,3,3,10,38,4,4,4,4,16,4,4,4,12,3,3,4,3,13,4,4,3,3,14,55,93
Portugal,2014,F,1,1,4,4,4,12,4,4,4,4,16,4,3,4,11,39,4,4,4,4,16,4,4,4,12,4,4,3,4,15,4,4,4,3,15,58,97
Qatar,2014,NF,6,5,0,1,1,2,0,0,1,1,2,0,2,1,3,10,2,2,2,2,8,1,0,1,2,1,1,2,0,4,1,1,1,1,4,18,28
Romania,2014,F,2,2,4,4,4,12,4,4,3,3,14,4,3,2,9,35,3,3,4,4,14,4,4,3,11,3,3,3,3,12,4,2,3,3,12,49,84
Russia,2014,NF,6,5,0,1,0,1,1,0,1,1,3,1,1,1,3,7,1,1,1,3,6,1,1,2,4,1,1,0,0,2,2,1,2,2,7,19,26
Rwanda,2014,NF,6,5,0,1,1,2,0,0,1,1,2,1,2,2,5,9,0,3,1,1,5,0,1,1,2,0,2,0,1,3,2,2,2,1,7,17,26
Samoa,2014,F,2,2,3,3,3,9,3,4,3,3,13,4,3,3,10,32,3,3,4,4,14,4,3,3,10,3,3,4,3,13,3,3,3,3,12,49,81
San Marino,2014,F,1,1,4,4,4,12,4,4,4,4,16,4,4,4,12,40,4,4,4,4,16,4,4,4,12,4,4,4,4,16,4,4,4,4,16,60,100
Sao Tome and Principe,2014,F,2,2,4,4,3,11,4,4,3,3,14,4,2,3,9,34,3,4,4,4,15,4,3,3,10,3,3,3,3,12,3,3,2,2,10,47,81
Saudi Arabia,2014,NF,7,7,0,0,0,0,0,0,0,0,0,0,1,0,1,3,0,0,1,2,3,0,0,0,0,1,1,0,0,2,0,1,0,1,2,7,10
Senegal,2014,F,2,2,4,4,3,11,3,4,3,3,13,3,3,3,9,33,3,4,4,4,15,4,4,3,11,2,3,3,2,10,3,3,2,2,10,46,79
Serbia,2014,F,2,2,3,3,3,9,4,4,3,3,14,3,2,2,7,30,3,4,4,4,15,3,4,3,10,2,3,3,2,10,4,3,3,3,13,48,78
Seychelles,2014,PF,3,3,3,3,2,8,3,2,3,2,10,3,2,2,7,25,2,3,3,3,11,3,3,3,9,2,3,3,3,11,3,3,2,3,11,42,67
Sierra Leone,2014,PF,3,3,3,3,4,10,3,3,3,3,12,3,1,3,7,29,2,4,3,3,12,2,3,2,7,2,2,3,2,9,3,3,2,2,10,38,67
Singapore,2014,PF,4,4,1,2,1,4,2,2,2,2,8,2,3,2,7,19,1,3,2,3,9,2,1,1,4,1,2,2,2,7,3,3,3,3,12,32,51
Slovakia,2014,F,1,1,4,4,4,12,4,4,4,3,15,4,3,3,10,37,4,4,4,4,16,4,4,4,12,3,3,3,3,12,4,4,3,3,14,54,91
Slovenia,2014,F,1,1,4,4,4,12,4,4,4,3,15,4,3,4,11,38,3,3,4,4,14,4,4,4,12,3,4,4,3,14,4,3,3,3,13,53,91
Solomon Islands,2014,PF,4,3,2,2,2,6,3,3,2,2,10,2,2,2,6,22,3,4,4,3,14,3,3,3,9,2,2,2,2,8,3,3,3,3,12,43,65
Somalia,2014,NF,7,7,0,0,0,0,0,0,0,0,0,0,0,0,0,0,0,0,0,1,1,0,0,0,0,0,0,0,0,0,0,1,0,0,1,2,2
South Africa,2014,F,2,2,4,4,4,12,3,2,4,4,13,3,2,3,8,33,3,4,4,4,15,4,4,4,12,3,3,2,2,10,4,3,2,2,11,48,81
South Korea,2014,F,2,2,4,4,3,11,4,4,3,3,14,4,3,3,10,35,3,4,3,4,14,4,3,4,11,4,3,3,3,13,4,3,2,3,12,50,85
South Sudan,2014,NF,6,6,1,1,2,4,0,1,0,1,2,1,0,1,2,8,1,3,2,1,7,1,1,1,3,1,0,0,0,1,2,1,1,1,5,16,24
Spain,2014,F,1,1,4,4,4,12,4,4,4,4,16,4,3,4,11,39,3,4,4,4,15,4,4,4,12,4,4,4,3,15,4,4,4,3,15,57,96
Sri Lanka,2014,PF,5,4,2,2,2,6,2,1,2,1,6,2,1,1,4,16,1,1,2,3,7,2,1,3,6,1,2,1,1,5,2,2,2,2,8,26,42
St. Kitts and Nevis,2014,F,1,1,4,4,4,12,4,4,4,4,16,3,3,3,9,37,3,4,4,4,15,4,4,4,12,4,3,3,3,13,4,3,3,3,13,53,90
St. Lucia,2014,F,1,1,4,4,4,12,4,4,4,4,16,4,3,4,11,39,3,4,4,4,15,4,4,4,12,3,3,3,3,12,4,4,3,3,14,53,92
St. Vincent and the Grenadines,2014,F,1,1,4,4,3,11,4,4,4,4,16,4,3,2,9,36,3,4,4,4,15,4,4,4,12,3,3,3,3,12,4,4,3,3,14,53,89
Sudan,2014,NF,7,7,1,1,0,2,1,0,1,1,3,1,0,0,1,2,0,1,1,1,3,0,1,0,1,0,0,0,0,0,0,1,0,0,1,5,7
Suriname,2014,F,2,2,4,4,4,12,4,4,3,2,13,4,2,2,8,33,3,4,4,4,15,4,4,3,11,2,1,3,2,8,3,2,3,2,10,44,77
Sweden,2014,F,1,1,4,4,4,12,4,4,4,4,16,4,4,4,12,40,4,4,4,4,16,4,4,4,12,4,4,4,3,15,4,4,4,4,16,59,99
Switzerland,2014,F,1,1,4,4,4,12,4,4,4,3,15,4,4,4,12,39,4,3,4,4,15,4,4,4,12,4,4,4,3,15,4,4,4,3,15,57,96
Syria,2014,NF,7,7,0,0,0,0,0,0,0,0,0,0,0,0,0,-2,0,1,0,0,1,0,0,0,0,0,0,0,0,0,0,1,0,1,2,3,1
Taiwan,2014,F,1,2,4,4,3,11,4,4,3,4,15,4,3,3,10,36,3,4,3,4,14,4,4,3,11,4,3,4,3,14,4,3,3,3,13,52,88
Tajikistan,2014,NF,6,6,0,1,1,2,1,1,1,1,4,1,0,1,2,8,1,1,1,2,5,1,2,1,4,1,1,0,1,3,1,1,1,1,4,16,24
Tanzania,2014,PF,3,3,3,3,3,9,3,3,3,3,12,3,2,3,8,29,2,3,3,2,10,2,3,2,7,2,3,2,2,9,3,2,2,2,9,35,64
Thailand,2014,PF,4,4,3,3,2,8,3,3,2,1,9,2,2,1,5,22,1,3,3,3,10,2,2,2,6,1,2,1,2,6,3,2,3,2,10,32,54
The Gambia,2014,NF,6,6,0,1,1,2,1,1,1,2,5,0,0,0,0,7,0,2,2,0,4,0,1,2,3,0,0,0,1,1,2,2,1,1,6,14,21
Timor-Leste,2014,PF,3,4,4,4,3,11,3,3,3,3,12,2,2,2,6,29,2,3,4,3,12,2,3,2,7,1,1,2,2,6,3,2,2,2,9,34,63
Togo,2014,PF,4,4,1,2,2,5,2,2,2,2,8,2,1,2,5,18,2,3,2,2,9,1,2,3,6,2,2,2,1,7,2,2,1,2,7,29,47
Tonga,2014,F,2,2,4,4,3,11,4,4,3,3,14,3,1,2,6,31,3,4,3,3,13,3,3,2,8,3,3,3,2,11,4,3,3,2,12,44,75
Trinidad and Tobago,2014,F,2,2,4,4,3,11,3,4,3,3,13,4,2,3,9,33,4,3,4,4,15,4,4,3,11,3,2,2,2,9,4,3,3,3,13,48,81
Tunisia,2014,PF,3,3,3,3,3,9,3,3,3,3,12,2,1,3,6,27,2,2,3,4,11,3,3,3,9,1,1,2,2,6,3,2,3,2,10,36,63
Turkey,2014,PF,3,4,4,4,3,11,2,3,3,2,10,3,2,2,7,28,1,3,2,3,9,1,2,3,6,2,1,3,2,8,3,2,2,2,9,32,60
Turkmenistan,2014,NF,7,7,0,0,0,0,1,0,0,0,1,0,0,0,0,1,0,1,0,1,2,0,0,0,0,0,0,1,0,1,1,1,1,0,3,6,7
Tuvalu,2014,F,1,1,4,4,4,12,4,4,4,3,15,4,3,3,10,37,4,4,4,4,16,4,4,4,12,4,4,4,3,15,4,4,3,3,14,57,94
Uganda,2014,PF,6,4,1,1,1,3,1,1,1,2,5,1,1,1,3,11,1,3,3,3,10,1,1,2,4,2,1,1,1,5,2,2,1,2,7,26,37
Ukraine,2014,PF,4,3,4,2,2,8,2,2,1,3,8,2,1,1,4,20,1,3,2,3,9,2,3,3,8,1,2,2,2,7,4,2,3,2,11,35,55
United Arab Emirates,2014,NF,6,6,0,1,0,1,0,0,1,1,2,0,2,0,2,8,1,1,1,1,4,1,0,1,2,0,1,1,1,3,1,1,1,1,4,13,21
United Kingdom,2014,F,1,1,4,4,4,12,4,4,4,4,16,4,4,4,12,40,3,4,4,4,15,4,4,4,12,4,4,4,3,15,4,4,4,3,15,57,97
United States,2014,F,1,1,4,4,3,11,4,4,4,4,16,3,4,3,10,37,4,4,4,3,15,4,4,3,11,4,4,3,3,14,4,4,4,3,15,55,92
Uruguay,2014,F,1,1,4,4,4,12,4,4,4,4,16,4,4,4,12,40,4,4,4,4,16,4,4,4,12,4,3,4,4,15,4,4,4,3,15,58,98
Uzbekistan,2014,NF,7,7,0,0,0,0,0,0,0,0,0,0,0,0,0,0,0,1,0,0,1,0,0,0,0,0,0,0,0,0,1,1,1,0,3,4,4
Vanuatu,2014,F,2,2,3,3,3,9,4,4,4,3,15,4,2,2,8,32,3,4,4,4,15,4,4,3,11,2,2,3,3,10,4,3,2,2,11,47,79
Venezuela,2014,PF,5,5,2,2,1,5,2,1,1,3,7,1,0,1,2,14,1,3,2,2,8,2,1,1,4,1,1,1,1,4,2,1,3,2,8,24,38
Vietnam,2014,NF,7,5,0,0,0,0,0,0,0,1,1,0,1,1,2,3,1,1,1,1,4,1,0,0,1,1,1,1,1,4,2,1,3,2,8,17,20
Yemen,2014,NF,6,6,1,0,2,3,2,1,0,1,4,1,1,1,3,10,1,2,2,1,6,1,1,1,3,1,0,0,1,2,2,1,1,1,5,16,26
Zambia,2014,PF,3,4,3,2,3,8,2,2,3,3,10,3,2,2,7,25,2,3,3,3,11,2,2,3,7,2,2,2,2,8,3,2,1,2,8,34,59
Zimbabwe,2014,NF,5,6,1,1,1,3,2,2,1,1,6,1,1,1,3,12,1,2,1,2,6,1,1,1,3,1,0,0,1,2,2,1,1,1,5,16,28
Afghanistan,2013,NF,6,6,1,1,1,3,2,1,1,2,6,1,1,0,2,11,2,1,1,2,6,2,2,1,5,1,0,0,1,2,0,1,1,1,3,16,27
Albania,2013,PF,3,3,3,3,2,8,3,2,2,3,10,3,1,2,6,24,2,4,3,4,13,3,3,2,8,2,2,2,3,9,3,2,2,2,9,39,63
Algeria,2013,NF,6,5,1,2,1,4,1,1,1,1,4,1,1,1,3,11,1,1,2,3,7,1,2,2,5,1,1,1,2,5,2,2,2,1,7,24,35
Andorra,2013,F,1,1,4,4,4,12,4,4,3,4,15,4,4,4,12,39,4,4,4,4,16,4,4,3,11,4,4,4,3,15,4,3,4,4,15,57,96
Angola,2013,NF,6,5,0,2,2,4,2,1,1,2,6,1,0,0,1,11,1,3,2,2,8,1,2,1,4,1,1,1,1,4,1,1,1,0,3,19,30
Antigua and Barbuda,2013,F,2,2,4,4,3,11,3,4,3,3,13,3,2,2,7,31,2,4,4,4,14,3,3,3,9,3,3,4,3,13,4,3,3,3,13,49,80
Argentina,2013,F,2,2,4,4,3,11,4,3,4,3,14,3,1,2,6,31,2,4,4,4,14,4,4,3,11,2,3,3,3,11,4,2,4,3,13,49,80
Armenia,2013,PF,5,4,1,2,2,5,1,1,1,2,5,1,1,1,3,13,1,2,2,3,8,2,2,2,6,1,1,2,2,6,3,2,2,2,9,29,42
Australia,2013,F,1,1,4,4,4,12,4,4,4,3,15,4,4,4,12,39,4,4,4,4,16,4,4,4,12,4,4,4,3,15,4,4,4,3,15,58,97
Austria,2013,F,1,1,4,4,4,12,4,4,4,3,15,4,3,4,11,38,4,4,4,4,16,4,4,4,12,4,4,4,3,15,4,4,4,3,15,58,96
Azerbaijan,2013,NF,6,5,0,0,1,1,1,0,1,1,3,1,1,0,2,6,0,1,1,2,4,0,1,1,2,1,1,1,1,4,2,2,2,1,7,17,23
Bahamas,2013,F,1,1,4,4,4,12,4,4,4,4,16,4,3,3,10,38,4,4,4,4,16,4,4,4,12,4,4,4,3,15,4,4,4,3,15,58,96
Bahrain,2013,NF,6,6,0,2,1,3,1,1,0,0,2,1,2,0,3,6,0,2,0,1,3,0,1,1,2,0,1,0,0,1,1,2,2,1,6,12,18
Bangladesh,2013,PF,3,4,3,3,3,9,3,3,2,3,11,2,1,2,5,25,2,2,2,3,9,3,2,2,7,2,1,2,1,6,3,2,2,2,9,31,56
Barbados,2013,F,1,1,4,4,4,12,4,4,4,4,16,4,4,4,12,40,4,4,4,4,16,4,4,4,12,4,4,4,4,16,4,4,3,4,15,59,99
Belarus,2013,NF,7,6,0,0,0,0,1,0,1,1,3,0,1,0,1,4,1,1,0,1,3,0,1,0,1,0,1,0,0,1,1,1,2,1,5,10,14
Belgium,2013,F,1,1,4,4,4,12,4,4,4,4,16,4,4,4,12,40,4,3,4,4,15,4,4,4,12,4,4,4,3,15,4,4,4,3,15,57,97
Belize,2013,F,1,2,4,4,4,12,4,4,4,2,14,4,3,4,11,37,3,4,4,4,15,3,4,4,11,3,3,3,3,12,4,3,3,3,13,51,88
Benin,2013,F,2,2,3,3,2,8,4,4,4,4,16,3,2,3,8,32,3,4,4,4,15,4,4,4,12,3,3,4,3,13,3,3,2,2,10,50,82
Bhutan,2013,PF,4,5,2,3,3,8,3,2,2,1,8,3,2,2,7,22,2,2,2,2,8,1,1,1,3,2,1,1,1,5,2,2,2,2,8,24,46
Bolivia,2013,PF,3,3,4,4,3,11,3,2,3,3,11,3,2,2,7,29,2,4,4,4,14,3,3,4,10,2,1,2,2,7,3,2,2,2,9,40,69
Bosnia and Herzegovina,2013,PF,3,3,3,3,2,8,3,3,2,3,11,2,2,2,6,25,2,3,2,3,10,3,2,2,7,3,2,3,2,10,3,2,3,2,10,37,62
Botswana,2013,F,3,2,3,4,3,10,3,2,3,2,10,3,3,2,8,28,3,4,3,3,13,4,4,2,10,3,3,3,3,12,3,3,2,3,11,46,74
Brazil,2013,F,2,2,4,3,4,11,4,4,3,3,14,3,2,3,8,33,3,4,4,4,15,3,4,3,10,3,2,2,3,10,4,3,3,3,13,48,81
Brunei,2013,NF,6,5,0,0,0,0,1,0,1,1,3,0,2,1,3,7,1,1,2,2,6,1,1,1,3,1,2,2,1,6,2,2,2,2,8,23,30
Bulgaria,2013,F,2,2,4,4,3,11,4,4,3,4,15,4,2,2,8,34,3,3,4,4,14,4,4,3,11,3,2,3,3,11,4,2,3,2,11,47,81
Burkina Faso,2013,PF,5,3,1,2,2,5,2,1,2,3,8,1,1,2,4,17,2,4,3,4,13,2,3,3,8,1,2,2,2,7,3,2,1,2,8,36,53
Burundi,2013,PF,5,5,1,1,2,4,1,1,1,3,6,1,0,1,2,12,1,3,2,2,8,1,2,1,4,1,1,1,1,4,2,2,1,1,6,22,34
Cabo Verde,2013,F,1,1,4,4,4,12,4,4,4,3,15,4,3,3,10,37,3,4,4,4,15,4,4,3,11,4,3,4,3,14,4,3,3,3,13,53,90
Cambodia,2013,NF,6,5,1,1,1,3,1,0,1,1,3,1,1,1,3,9,1,3,2,3,9,1,1,1,3,0,0,1,1,2,2,1,2,1,6,20,29
Cameroon,2013,NF,6,6,1,1,0,2,1,0,1,1,3,1,1,0,2,7,1,2,2,2,7,1,1,1,3,0,1,1,0,2,1,1,1,1,4,16,23
Canada,2013,F,1,1,4,4,4,12,4,4,4,4,16,4,4,4,12,40,4,4,4,4,16,3,4,4,11,4,4,4,3,15,4,4,4,4,16,58,98
Central African Republic,2013,PF,5,5,2,2,3,7,2,2,1,2,7,0,1,1,2,16,1,2,3,2,8,1,1,2,4,1,1,0,1,3,1,1,1,1,4,19,35
Chad,2013,NF,7,6,1,1,1,3,1,0,0,0,1,1,0,0,1,5,1,1,3,2,7,1,1,2,4,0,1,1,0,2,1,1,0,1,3,16,21
Chile,2013,F,1,1,4,4,4,12,4,4,4,3,15,4,4,4,12,39,4,4,4,4,16,3,4,4,11,4,4,4,3,15,4,4,4,3,15,57,96
China,2013,NF,7,6,0,0,0,0,0,0,0,1,1,0,1,1,2,2,1,0,1,2,4,1,1,1,3,1,1,0,0,2,1,1,2,2,6,15,17
Colombia,2013,PF,3,4,4,3,3,10,3,3,2,2,10,3,2,2,7,27,2,4,3,3,12,2,2,1,5,3,1,1,2,7,3,2,3,2,10,34,61
Comoros,2013,PF,3,4,3,3,3,9,3,3,3,2,11,3,1,1,5,25,2,2,3,3,10,2,2,2,6,2,2,2,2,8,2,2,1,1,6,30,55
Congo (Brazzaville),2013,NF,6,5,0,1,0,1,1,0,1,1,3,1,1,1,3,7,1,3,2,2,8,1,2,3,6,0,1,1,0,2,2,2,1,1,6,22,29
Congo (Kinshasa),2013,NF,6,6,1,1,1,3,1,1,1,1,4,1,0,1,2,9,1,3,1,2,7,1,1,1,3,0,0,0,0,0,1,0,0,0,1,11,20
Costa Rica,2013,F,1,1,4,4,4,12,4,4,4,3,15,4,3,4,11,38,4,4,4,4,16,4,4,3,11,4,3,3,3,13,4,3,3,3,13,53,91
Cote d'Ivoire,2013,PF,5,5,2,1,2,5,1,2,0,1,4,2,1,1,4,13,2,2,2,2,8,1,2,2,5,1,1,1,1,4,1,1,1,1,4,21,34
Croatia,2013,F,1,2,4,4,4,12,4,4,4,3,15,4,2,3,9,36,3,3,4,4,14,4,4,4,12,3,3,3,2,11,4,3,3,3,13,50,86
Cuba,2013,NF,7,6,0,0,0,0,0,0,0,0,0,0,1,0,1,1,0,2,0,0,2,0,0,0,0,0,1,0,1,2,1,1,3,1,6,10,11
Cyprus,2013,F,1,1,4,4,3,11,4,4,4,4,16,4,3,4,11,38,4,4,3,4,15,3,4,4,11,4,4,4,3,15,3,4,4,3,14,55,93
Czech Republic,2013,F,1,1,4,4,4,12,4,4,4,3,15,4,3,4,11,38,4,4,4,4,16,4,4,4,12,3,4,4,3,14,4,4,4,3,15,57,95
Denmark,2013,F,1,1,4,4,4,12,4,4,4,4,16,4,4,4,12,40,4,4,4,4,16,4,4,4,12,4,4,4,3,15,4,4,3,4,15,58,98
Djibouti,2013,NF,6,5,1,1,1,3,1,0,1,1,3,1,1,1,3,9,1,2,2,2,7,0,1,2,3,0,2,1,1,4,2,2,1,1,6,20,29
Dominica,2013,F,1,1,4,4,4,12,4,4,4,4,16,4,3,3,10,38,3,4,4,4,15,4,4,4,12,4,4,4,3,15,4,4,3,4,15,57,95
Dominican Republic,2013,F,2,2,4,3,3,10,4,3,3,2,12,4,2,3,9,31,3,4,4,4,15,3,4,3,10,3,2,2,1,8,4,3,2,2,11,44,75
Ecuador,2013,PF,3,3,3,3,1,7,3,2,3,3,11,3,1,2,6,24,1,4,4,4,13,2,2,3,7,1,1,2,2,6,3,2,3,2,10,36,60
Egypt,2013,PF,5,5,2,0,1,3,3,3,2,2,10,1,1,1,3,16,2,1,2,3,8,2,1,2,5,2,0,1,1,4,3,2,2,1,8,25,41
El Salvador,2013,F,2,3,4,4,4,12,4,4,3,3,14,3,3,3,9,35,3,4,4,4,15,3,3,2,8,3,2,2,2,9,4,2,2,2,10,42,77
Equatorial Guinea,2013,NF,7,7,0,0,0,0,1,0,0,0,1,0,0,0,0,1,0,2,1,1,4,0,0,0,0,0,0,0,0,0,1,1,1,0,3,7,8
Eritrea,2013,NF,7,7,0,0,0,0,0,0,0,0,0,0,1,0,1,1,0,0,0,0,0,0,0,0,0,0,0,0,0,0,0,0,2,0,2,2,3
Estonia,2013,F,1,1,4,4,4,12,4,4,4,3,15,4,4,4,12,39,4,4,4,4,16,4,4,4,12,4,3,4,3,14,4,4,3,3,14,56,95
Eswatini,2013,NF,7,5,0,0,0,0,0,0,0,1,1,0,0,0,0,1,1,3,2,2,8,0,1,2,3,2,1,1,1,5,1,1,1,1,4,20,21
Ethiopia,2013,NF,6,6,0,0,1,1,0,0,1,1,2,1,2,1,4,7,0,2,1,0,3,0,0,0,0,1,1,0,1,3,2,1,1,1,5,11,18
Fiji,2013,PF,6,4,0,0,0,0,1,1,1,2,5,0,2,0,2,7,2,3,3,3,11,1,1,1,3,2,1,1,2,6,3,3,2,2,10,30,37
Finland,2013,F,1,1,4,4,4,12,4,4,4,4,16,4,4,4,12,40,4,4,4,4,16,4,4,4,12,4,4,4,4,16,4,4,4,4,16,60,100
France,2013,F,1,1,4,4,4,12,4,4,4,3,15,4,3,4,11,38,4,3,4,4,15,4,4,4,12,4,4,4,3,15,4,4,4,3,15,57,95
Gabon,2013,NF,6,5,0,1,1,2,1,1,1,1,4,1,1,1,3,9,1,3,3,3,10,1,1,2,4,1,2,2,1,6,2,1,1,1,5,25,34
Georgia,2013,PF,3,3,2,3,2,7,3,3,2,2,10,3,2,2,7,24,2,2,4,4,12,2,3,2,7,1,2,2,2,7,3,2,3,2,10,36,60
Germany,2013,F,1,1,4,4,4,12,4,4,4,3,15,4,4,4,12,39,4,3,4,4,15,4,4,4,12,4,4,4,3,15,4,4,4,3,15,57,96
Ghana,2013,F,1,2,4,4,4,12,4,4,4,3,15,4,3,3,10,37,3,3,4,4,14,4,4,3,11,3,3,3,3,12,3,3,2,2,10,47,84
Greece,2013,F,2,2,4,4,4,12,4,4,4,3,15,3,2,3,8,35,3,3,4,4,14,3,4,4,11,3,3,2,2,10,4,3,3,3,13,48,83
Grenada,2013,F,1,2,4,4,4,12,4,4,4,4,16,4,3,3,10,38,3,4,4,4,15,4,4,3,11,3,3,3,3,12,4,3,3,3,13,51,89
Guatemala,2013,PF,3,4,3,3,3,9,3,3,2,2,10,2,2,1,5,24,2,4,3,3,12,2,3,2,7,2,2,1,1,6,3,2,2,1,8,33,57
Guinea,2013,PF,5,5,3,0,2,5,2,2,2,2,8,1,0,1,2,15,1,3,2,3,9,1,3,2,6,1,1,1,1,4,1,2,1,1,5,24,39
Guinea-Bissau,2013,NF,6,5,0,0,2,2,2,1,0,2,5,0,0,0,0,7,1,3,3,3,10,1,2,2,5,1,0,0,2,3,2,1,1,1,5,23,30
Guyana,2013,F,2,3,4,4,3,11,4,4,3,2,13,4,1,2,7,31,3,4,4,4,15,2,4,3,9,2,2,1,2,7,3,2,2,2,9,40,71
Haiti,2013,PF,4,5,2,2,1,5,3,1,2,3,9,2,1,2,5,19,2,3,2,3,10,2,1,2,5,1,1,1,1,4,2,1,2,0,5,24,43
Honduras,2013,PF,4,4,2,2,2,6,3,2,1,2,8,1,2,1,4,18,1,4,3,3,11,2,2,2,6,2,2,1,2,7,3,2,2,2,9,33,51
Hungary,2013,F,1,2,4,4,4,12,4,4,4,3,15,4,3,2,9,36,3,4,4,4,15,4,4,4,12,2,3,3,3,11,4,4,3,3,14,52,88
Iceland,2013,F,1,1,4,4,4,12,4,4,4,4,16,4,4,4,12,40,4,4,4,4,16,4,4,4,12,4,4,4,4,16,4,4,4,4,16,60,100
India,2013,F,2,3,4,4,3,11,4,4,3,3,14,4,2,3,9,34,3,3,3,4,13,4,4,3,11,3,2,1,2,8,3,3,2,2,10,42,76
Indonesia,2013,F,2,3,4,4,3,11,4,4,3,2,13,3,1,2,6,30,3,1,4,4,12,2,4,3,9,2,1,1,1,5,3,2,2,2,9,35,65
Iran,2013,NF,6,6,0,1,1,2,0,1,0,1,2,1,0,1,2,6,0,0,1,1,2,0,0,1,1,1,1,0,1,3,1,1,1,1,4,10,16
Iraq,2013,NF,6,6,2,2,3,7,2,1,0,1,4,1,0,0,1,11,1,1,1,2,5,1,2,1,4,0,0,0,0,0,1,1,1,1,4,13,24
Ireland,2013,F,1,1,4,4,4,12,4,4,4,4,16,4,3,4,11,39,4,4,4,4,16,4,4,4,12,4,4,4,3,15,4,4,3,4,15,58,97
Israel,2013,F,1,2,4,4,4,12,3,4,4,3,14,4,3,3,10,36,2,3,3,4,12,4,3,4,11,4,3,2,2,11,3,3,3,2,11,45,81
Italy,2013,F,2,1,3,4,4,11,4,4,3,4,15,4,2,3,9,35,3,4,4,4,15,4,4,4,12,3,3,3,3,12,4,3,4,3,14,53,88
Jamaica,2013,F,2,3,4,4,4,12,4,4,2,3,13,4,2,2,8,33,4,4,4,3,15,3,3,3,9,2,2,1,1,6,3,2,2,3,10,40,73
Japan,2013,F,1,2,4,4,4,12,4,4,4,3,15,4,3,3,10,37,3,3,3,4,13,4,3,3,10,4,4,4,3,15,4,3,3,3,13,51,88
Jordan,2013,NF,6,5,0,1,1,2,1,1,1,2,5,0,2,1,3,10,1,2,2,2,7,1,1,1,3,2,1,1,2,6,2,2,2,2,8,24,34
Kazakhstan,2013,NF,6,5,1,0,1,2,1,0,1,1,3,0,1,0,1,6,0,1,2,2,5,1,1,1,3,1,1,1,1,4,2,2,2,2,8,20,26
Kenya,2013,PF,4,4,1,3,2,6,3,3,2,2,10,2,1,2,5,21,3,2,4,4,13,3,3,2,8,2,1,1,2,6,2,1,2,2,7,34,55
Kiribati,2013,F,1,1,4,4,4,12,4,4,4,4,16,4,2,2,8,36,3,4,4,4,15,4,4,4,12,4,4,4,3,15,4,3,3,3,13,55,91
Kosovo,2013,PF,5,4,2,2,2,6,3,2,1,2,8,1,1,1,3,16,2,2,2,2,8,2,2,2,6,1,1,1,2,5,2,1,2,2,7,26,42
Kuwait,2013,PF,5,5,0,1,1,2,2,3,3,2,10,2,1,2,5,17,1,2,2,2,7,1,2,1,4,1,2,2,2,7,2,1,2,1,6,24,41
Kyrgyzstan,2013,PF,5,5,2,2,2,6,2,2,1,1,6,1,1,2,4,14,2,1,3,3,9,2,1,2,5,1,1,1,1,4,2,2,2,1,7,25,39
Laos,2013,NF,7,6,0,0,0,0,0,0,0,0,0,0,0,0,0,0,0,2,1,1,4,0,0,0,0,0,0,1,1,2,1,1,2,1,5,11,11
Latvia,2013,F,2,2,4,4,4,12,4,4,3,3,14,3,2,2,7,33,3,4,4,4,15,4,4,4,12,3,3,3,3,12,4,3,3,2,12,51,84
Lebanon,2013,PF,5,4,1,2,2,5,3,3,1,2,9,1,1,1,3,17,2,3,3,3,11,2,3,2,7,1,2,1,1,5,3,2,2,2,9,32,49
Lesotho,2013,F,2,3,3,4,3,10,4,3,3,3,13,3,2,3,8,31,2,4,4,4,14,2,3,2,7,3,3,3,2,11,3,2,2,2,9,41,72
Liberia,2013,PF,3,4,3,3,3,9,3,3,2,3,11,2,2,2,6,26,3,2,3,3,11,3,3,2,8,2,1,2,2,7,2,2,2,2,8,34,60
Libya,2013,PF,4,5,3,3,3,9,3,3,2,2,10,1,0,2,3,22,2,1,2,3,8,3,3,0,6,1,0,0,0,1,1,2,2,1,6,21,43
Liechtenstein,2013,F,1,1,4,4,4,12,4,4,4,3,15,4,4,4,12,39,4,4,4,4,16,4,4,4,12,4,4,4,3,15,4,4,4,4,16,59,98
Lithuania,2013,F,1,1,4,4,4,12,4,4,4,4,16,4,2,3,9,37,4,4,4,4,16,4,4,3,11,4,3,3,3,13,4,3,3,3,13,53,90
Luxembourg,2013,F,1,1,4,4,4,12,4,4,4,4,16,4,4,4,12,40,4,4,4,4,16,4,4,4,12,4,4,4,4,16,4,4,4,4,16,60,100
Madagascar,2013,PF,6,4,0,0,1,1,1,1,1,2,5,0,1,0,1,7,1,2,3,3,9,1,3,3,7,1,1,1,2,5,3,1,1,2,7,28,35
Malawi,2013,PF,3,4,3,3,2,8,3,2,3,3,11,3,2,2,7,26,2,3,3,3,11,2,2,3,7,3,2,2,2,9,2,2,1,2,7,34,60
Malaysia,2013,PF,4,4,2,2,2,6,2,3,2,1,8,2,2,2,6,20,2,1,2,4,9,1,2,2,5,1,2,1,1,5,3,3,2,1,9,28,48
Maldives,2013,PF,5,4,1,3,3,7,2,2,1,1,6,1,2,1,4,17,2,1,2,2,7,2,3,2,7,2,2,1,2,7,2,2,2,2,8,29,46
Mali,2013,NF,7,5,0,1,0,1,1,1,0,1,3,0,2,0,2,5,2,2,2,2,8,2,1,1,4,1,1,0,1,3,1,1,1,1,4,19,24
Malta,2013,F,1,1,4,4,4,12,4,4,4,4,16,4,3,4,11,39,4,4,4,4,16,4,4,4,12,4,4,4,3,15,4,4,3,4,15,58,97
Marshall Islands,2013,F,1,1,4,3,4,11,3,4,4,4,15,4,3,3,10,36,4,4,4,4,16,4,4,3,11,4,4,4,3,15,4,3,3,3,13,55,91
Mauritania,2013,NF,6,5,1,1,1,3,1,1,0,1,3,1,2,2,5,11,2,2,3,3,10,1,1,2,4,1,1,1,1,4,2,2,1,0,5,23,34
Mauritius,2013,F,1,2,4,4,4,12,4,4,4,3,15,4,3,4,11,38,3,4,4,4,15,4,4,4,12,3,4,3,3,13,4,3,3,2,12,52,90
Mexico,2013,PF,3,3,3,3,3,9,3,4,2,3,12,2,2,3,7,28,2,4,4,3,13,3,3,2,8,2,1,1,2,6,3,2,3,2,10,37,65
Micronesia,2013,F,1,1,4,4,4,12,4,4,4,3,15,4,3,3,10,37,4,4,4,4,16,4,4,3,11,4,4,4,3,15,4,4,3,3,14,56,93
Moldova,2013,PF,3,3,4,4,3,11,4,3,2,3,12,4,1,1,6,29,2,3,3,3,11,3,3,2,8,2,2,2,2,8,3,2,2,2,9,36,65
Monaco,2013,F,2,1,2,4,4,10,3,3,2,3,11,3,4,3,10,31,3,4,4,4,15,4,4,4,12,3,4,4,4,15,4,3,3,4,14,56,87
Mongolia,2013,F,1,2,4,4,3,11,4,4,4,4,16,4,2,3,9,36,3,4,4,4,15,4,4,3,11,3,3,3,3,12,4,3,3,2,12,50,86
Montenegro,2013,F,3,2,3,3,3,9,3,2,3,3,11,3,2,2,7,27,3,3,3,4,13,4,3,3,10,2,2,3,3,10,3,3,3,3,12,45,72
Morocco,2013,PF,5,4,1,2,2,5,2,2,1,2,7,1,2,1,4,16,1,2,2,3,8,2,2,2,6,1,2,2,1,6,2,2,2,1,7,27,43
Mozambique,2013,PF,4,3,2,2,2,6,2,2,3,3,10,3,2,2,7,23,3,4,2,3,12,2,3,2,7,2,2,2,2,8,3,2,2,2,9,36,59
Myanmar,2013,NF,6,5,0,2,1,3,2,2,1,1,6,2,0,1,3,9,2,1,1,3,7,2,1,1,4,0,1,0,0,1,2,1,1,1,5,17,26
Namibia,2013,F,2,2,4,3,3,10,3,2,3,3,11,3,3,3,9,30,3,4,4,3,14,4,4,4,12,3,3,3,2,11,3,2,2,2,9,46,76
Nauru,2013,F,1,1,4,4,4,12,4,4,4,4,16,4,3,3,10,38,3,4,4,4,15,4,4,3,11,4,4,4,3,15,4,4,3,3,14,55,93
Nepal,2013,PF,4,4,2,2,1,5,3,3,2,3,11,2,1,1,4,20,2,2,2,3,9,2,2,2,6,2,1,1,1,5,2,2,2,1,7,27,47
Netherlands,2013,F,1,1,4,4,4,12,4,4,4,4,16,4,4,4,12,40,4,4,4,4,16,4,4,4,12,4,4,4,3,15,4,4,4,4,16,59,99
New Zealand,2013,F,1,1,4,4,4,12,4,4,4,3,15,4,4,4,12,39,4,4,4,4,16,4,4,4,12,4,4,4,3,15,4,4,4,3,15,58,97
Nicaragua,2013,PF,5,4,2,2,2,6,2,1,1,3,7,2,1,1,4,17,2,4,3,3,12,2,2,2,6,1,2,2,2,7,3,3,1,2,9,34,51
Niger,2013,PF,3,4,3,3,3,9,3,3,2,2,10,3,2,2,7,26,2,3,3,3,11,3,2,3,8,1,2,1,1,5,2,2,1,1,6,30,56
Nigeria,2013,PF,4,4,2,2,2,6,3,2,2,2,9,2,1,2,5,20,2,1,3,3,9,2,2,3,7,2,1,0,1,4,1,2,2,1,6,26,46
North Korea,2013,NF,7,7,0,0,0,0,0,0,0,0,0,0,0,0,0,0,0,0,0,0,0,0,0,0,0,0,0,0,0,0,0,1,1,1,3,3,3
North Macedonia,2013,PF,3,3,3,2,3,8,3,3,2,3,11,3,2,2,7,26,2,3,3,3,11,3,3,2,8,2,2,2,2,8,3,3,3,2,11,38,64
Norway,2013,F,1,1,4,4,4,12,4,4,4,4,16,4,4,4,12,40,4,4,4,4,16,4,4,4,12,4,4,4,4,16,4,4,4,4,16,60,100
Oman,2013,NF,6,5,0,1,1,2,0,0,1,1,2,0,2,0,2,9,1,2,1,1,5,0,1,2,3,0,1,2,1,4,1,2,1,1,5,17,26
Pakistan,2013,PF,4,5,2,2,2,6,3,3,1,2,9,2,1,2,5,20,1,1,1,2,5,3,2,2,7,2,1,0,1,4,2,2,1,1,6,22,42
Palau,2013,F,1,1,4,4,4,12,4,4,4,3,15,4,3,3,10,37,4,4,4,4,16,4,4,3,11,4,4,4,3,15,4,3,3,3,13,55,92
Panama,2013,F,1,2,4,4,4,12,4,4,4,3,15,4,2,3,9,36,3,4,4,4,15,3,4,3,10,2,2,3,2,9,4,3,3,2,12,46,82
Papua New Guinea,2013,PF,4,3,3,3,3,9,3,3,2,2,10,2,1,1,4,23,3,3,3,3,12,3,3,3,9,2,1,2,2,7,3,1,2,2,8,36,59
Paraguay,2013,PF,3,3,3,4,3,10,3,4,3,2,12,2,1,2,5,27,1,4,3,3,11,3,3,2,8,1,1,2,2,6,3,2,3,2,10,35,62
Peru,2013,F,2,3,3,4,3,10,4,4,3,2,13,3,2,2,7,30,3,4,4,4,15,3,3,2,8,2,2,2,2,8,3,3,2,2,10,41,71
Philippines,2013,PF,3,3,3,3,3,9,2,3,2,3,10,3,2,2,7,26,2,4,4,4,14,3,2,3,8,2,1,1,1,5,3,2,3,2,10,37,63
Poland,2013,F,1,1,4,4,4,12,4,4,4,4,16,4,3,3,10,38,4,4,4,4,16,4,4,4,12,3,3,4,3,13,4,4,3,3,14,55,93
Portugal,2013,F,1,1,4,4,4,12,4,4,4,4,16,4,3,4,11,39,4,4,4,4,16,4,4,4,12,4,4,3,4,15,4,4,4,3,15,58,97
Qatar,2013,NF,6,5,0,1,1,2,0,0,1,1,2,0,2,1,3,10,2,2,2,2,8,1,0,1,2,1,1,2,0,4,1,1,1,1,4,18,28
Romania,2013,F,2,2,3,4,3,10,4,4,3,3,14,4,2,2,8,32,3,3,4,4,14,4,4,3,11,3,3,3,3,12,4,2,3,3,12,49,81
Russia,2013,NF,6,5,0,1,0,1,1,0,1,1,3,1,1,1,3,7,1,1,1,3,6,1,1,2,4,1,1,0,1,3,2,1,2,2,7,20,27
Rwanda,2013,NF,6,6,0,1,1,2,0,0,1,1,2,1,2,1,4,8,0,3,1,0,4,0,1,1,2,0,2,0,1,3,2,2,2,1,7,16,24
Samoa,2013,F,2,2,3,3,3,9,3,4,3,3,13,4,3,3,10,32,3,3,4,4,14,4,3,3,10,3,3,4,3,13,3,3,3,3,12,49,81
San Marino,2013,F,1,1,4,4,4,12,4,4,4,4,16,4,4,4,12,40,4,4,4,4,16,4,4,4,12,4,4,4,4,16,4,4,4,4,16,60,100
Sao Tome and Principe,2013,F,2,2,4,4,3,11,4,4,3,3,14,4,2,3,9,34,3,4,4,4,15,4,3,3,10,3,3,3,3,12,3,3,2,2,10,47,81
Saudi Arabia,2013,NF,7,7,0,0,0,0,0,0,0,0,0,0,1,0,1,3,0,0,1,2,3,0,0,0,0,1,1,0,0,2,0,1,0,1,2,7,10
Senegal,2013,F,2,3,4,4,3,11,3,4,3,3,13,3,2,3,8,32,2,4,4,4,14,3,4,3,10,2,3,3,2,10,2,3,2,2,9,43,75
Serbia,2013,F,2,2,3,3,3,9,4,4,3,3,14,3,2,2,7,30,3,4,4,4,15,3,4,3,10,2,3,3,2,10,4,3,3,3,13,48,78
Seychelles,2013,PF,3,3,3,3,2,8,3,2,3,2,10,3,2,2,7,25,2,3,3,3,11,3,3,3,9,2,3,3,3,11,3,3,2,3,11,42,67
Sierra Leone,2013,F,2,3,3,3,4,10,3,3,3,3,12,3,2,3,8,30,3,4,3,3,13,3,3,2,8,2,2,3,2,9,3,3,2,2,10,40,70
Singapore,2013,PF,4,4,1,2,1,4,2,2,2,2,8,2,3,2,7,19,2,3,2,3,10,2,1,1,4,1,2,2,2,7,3,3,3,3,12,33,52
Slovakia,2013,F,1,1,4,4,4,12,4,4,4,3,15,4,3,3,10,37,4,4,4,4,16,4,4,4,12,4,3,3,3,13,4,4,3,3,14,55,92
Slovenia,2013,F,1,1,4,4,4,12,4,4,4,3,15,4,3,4,11,38,3,3,4,4,14,4,4,4,12,3,4,4,3,14,4,3,3,3,13,53,91
Solomon Islands,2013,PF,4,3,2,2,2,6,3,3,2,2,10,2,2,2,6,22,3,4,4,3,14,3,3,3,9,2,2,2,2,8,3,3,3,3,12,43,65
Somalia,2013,NF,7,7,0,0,0,0,0,0,0,0,0,0,0,0,0,0,0,0,0,1,1,0,0,0,0,0,0,0,0,0,0,1,0,0,1,2,2
South Africa,2013,F,2,2,4,4,4,12,4,2,4,4,14,3,2,3,8,34,3,4,4,4,15,3,4,4,11,3,3,2,2,10,4,3,2,2,11,47,81
South Korea,2013,F,1,2,4,4,3,11,4,4,4,3,15,4,3,3,10,36,3,4,3,4,14,4,3,4,11,4,3,3,3,13,4,3,2,3,12,50,86
South Sudan,2013,NF,6,5,1,1,2,4,1,1,1,2,5,1,0,1,2,11,1,3,2,2,8,1,1,2,4,1,0,0,2,3,2,1,1,1,5,20,31
Spain,2013,F,1,1,4,4,4,12,4,4,4,4,16,4,3,4,11,39,4,4,4,4,16,4,4,4,12,4,4,3,3,14,4,4,4,3,15,57,96
Sri Lanka,2013,PF,5,4,2,2,2,6,2,1,2,1,6,2,1,1,4,16,1,2,2,3,8,2,1,3,6,1,2,1,1,5,2,2,2,2,8,27,43
St. Kitts and Nevis,2013,F,1,1,4,4,4,12,4,4,4,4,16,4,3,3,10,38,3,4,4,4,15,4,4,4,12,3,3,3,3,12,4,4,3,3,14,53,91
St. Lucia,2013,F,1,1,4,4,4,12,4,4,4,4,16,4,3,4,11,39,4,4,4,4,16,4,4,4,12,3,3,3,3,12,4,4,3,3,14,54,93
St. Vincent and the Grenadines,2013,F,1,1,4,4,3,11,4,4,4,4,16,4,3,2,9,36,3,4,4,4,15,4,4,3,11,3,3,4,3,13,4,4,3,3,14,53,89
Sudan,2013,NF,7,7,1,1,0,2,1,0,1,1,3,1,0,0,1,2,0,1,1,1,3,0,1,0,1,0,0,0,0,0,0,1,0,0,1,5,7
Suriname,2013,F,2,2,4,4,4,12,4,4,3,2,13,4,2,2,8,33,3,4,4,4,15,4,4,3,11,2,1,3,2,8,3,2,3,2,10,44,77
Sweden,2013,F,1,1,4,4,4,12,4,4,4,4,16,4,4,4,12,40,4,4,4,4,16,4,4,4,12,4,4,4,4,16,4,4,4,4,16,60,100
Switzerland,2013,F,1,1,4,4,4,12,4,4,4,3,15,4,4,4,12,39,4,3,4,4,15,4,4,4,12,4,4,4,3,15,4,4,4,3,15,57,96
Syria,2013,NF,7,7,0,0,0,0,0,0,0,0,0,0,1,0,1,-1,0,2,0,0,2,0,0,0,0,0,0,0,0,0,0,1,2,1,4,6,5
Taiwan,2013,F,1,2,4,4,3,11,4,4,3,4,15,4,3,3,10,36,3,4,3,4,14,4,4,3,11,4,3,4,3,14,4,3,3,3,13,52,88
Tajikistan,2013,NF,6,6,0,1,1,2,1,1,1,1,4,1,0,1,2,8,1,1,1,2,5,1,2,1,4,1,1,0,1,3,1,1,1,1,4,16,24
Tanzania,2013,PF,3,3,3,3,3,9,3,3,3,3,12,3,2,2,7,28,2,3,3,3,11,2,3,2,7,2,3,3,3,11,3,2,2,2,9,38,66
Thailand,2013,PF,4,4,3,3,2,8,3,3,2,1,9,2,2,1,5,22,1,2,3,3,9,2,2,2,6,1,2,1,2,6,3,2,3,2,10,31,53
The Gambia,2013,NF,6,6,0,1,1,2,1,1,1,2,5,0,0,0,0,7,0,2,2,1,5,1,1,2,4,0,0,0,1,1,2,2,1,1,6,16,23
Timor-Leste,2013,PF,3,4,4,4,3,11,3,3,3,3,12,2,2,2,6,29,2,3,4,3,12,2,3,2,7,1,1,2,2,6,3,2,2,2,9,34,63
Togo,2013,PF,5,4,1,2,1,4,2,2,2,2,8,1,1,2,4,16,1,3,2,2,8,1,2,3,6,1,2,2,1,6,2,2,1,2,7,27,43
Tonga,2013,F,3,2,4,4,3,11,4,4,3,3,14,2,1,1,4,29,3,4,3,3,13,3,3,2,8,3,3,3,2,11,4,3,3,2,12,44,73
Trinidad and Tobago,2013,F,2,2,4,4,3,11,3,4,3,3,13,4,2,3,9,33,4,3,4,4,15,4,4,3,11,3,2,2,2,9,4,3,3,3,13,48,81
Tunisia,2013,PF,3,4,3,3,3,9,3,3,3,3,12,2,1,2,5,26,2,2,2,4,10,3,3,2,8,1,1,2,2,6,2,2,3,2,9,33,59
Turkey,2013,PF,3,4,4,4,3,11,2,3,3,2,10,3,2,2,7,28,1,3,2,3,9,2,2,3,7,2,1,2,2,7,3,3,2,2,10,33,61
Turkmenistan,2013,NF,7,7,0,0,0,0,1,0,0,0,1,0,0,0,0,1,0,1,0,1,2,0,0,0,0,0,0,1,0,1,1,1,1,0,3,6,7
Tuvalu,2013,F,1,1,4,4,4,12,4,4,4,3,15,4,3,3,10,37,4,4,4,4,16,4,4,4,12,4,4,4,3,15,4,4,3,3,14,57,94
Uganda,2013,PF,5,4,1,1,1,3,1,2,1,2,6,1,1,1,3,12,2,3,3,3,11,1,1,2,4,2,1,1,2,6,2,2,1,2,7,28,40
Ukraine,2013,PF,4,3,4,2,2,8,2,2,2,3,9,2,1,1,4,21,2,3,2,3,10,2,3,3,8,1,2,2,2,7,4,2,3,2,11,36,57
United Arab Emirates,2013,NF,6,6,0,1,0,1,0,0,1,1,2,0,2,0,2,8,1,1,1,1,4,1,0,1,2,0,2,1,1,4,1,1,1,1,4,14,22
United Kingdom,2013,F,1,1,4,4,4,12,4,4,4,4,16,4,4,4,12,40,3,4,4,4,15,4,4,4,12,4,4,4,3,15,4,4,4,3,15,57,97
United States,2013,F,1,1,4,4,3,11,4,4,4,4,16,3,3,4,10,37,4,4,4,4,16,4,4,3,11,4,4,3,3,14,4,4,4,3,15,56,93
Uruguay,2013,F,1,1,4,4,4,12,4,4,4,4,16,4,4,3,11,39,4,4,4,4,16,4,4,4,12,4,3,4,4,15,4,4,4,3,15,58,97
Uzbekistan,2013,NF,7,7,0,0,0,0,0,0,0,0,0,0,0,0,0,0,0,1,0,0,1,0,0,0,0,0,0,0,0,0,1,1,1,0,3,4,4
Vanuatu,2013,F,2,2,3,3,3,9,4,4,4,3,15,4,2,2,8,32,3,4,4,4,15,4,4,3,11,2,2,3,3,10,4,3,2,2,11,47,79
Venezuela,2013,PF,5,5,2,2,1,5,2,2,1,3,8,1,0,1,2,15,1,3,2,3,9,2,1,1,4,1,1,1,1,4,1,1,3,2,7,24,39
Vietnam,2013,NF,7,5,0,0,0,0,0,0,0,1,1,0,1,0,1,2,1,1,1,1,4,1,0,0,1,1,1,1,1,4,2,1,3,2,8,17,19
Yemen,2013,NF,6,6,1,0,2,3,2,1,0,1,4,1,1,0,2,9,1,2,2,1,6,1,1,1,3,1,0,0,1,2,2,1,1,1,5,16,25
Zambia,2013,PF,3,4,3,3,3,9,2,4,3,3,12,3,2,2,7,28,2,3,3,3,11,2,2,3,7,2,2,2,2,8,3,2,1,2,8,34,62
Zimbabwe,2013,NF,6,6,1,1,1,3,1,2,1,1,5,1,1,1,3,11,1,2,1,2,6,1,1,1,3,1,0,0,0,1,1,1,1,1,4,14,25
